32
32
33
28
29
29
29
29
28
28
27
27
28
27
28
27
28
28
28
28
28
28
29
29
28
29
29
29
30
30
33
296
506
493
490
490
493
497
501
501
506
507
510
511
517
519
523
527
529
533
538
539
543
549
554
555
559
562
566
571
574
579
586
588
598
599
605
609
614
618
627
633
640
645
651
657
665
672
683
690
693
701
707
712
721
726
735
743
754
755
765
769
774
790
795
799
808
819
824
831
842
847
857
866
871
879
885
892
900
911
917
927
937
943
947
954
955
968
978
979
987
987
997
1002
1010
1004
1011
1023
1020
1032
1031
1032
1035
1038
1045
1048
1046
1049
1051
1050
1055
1051
1054
1050
1050
1049
1044
1047
1046
1037
1041
1041
1035
1037
1033
1025
1028
1024
1026
1021
1016
1010
1011
1007
1005
997
995
990
990
984
977
976
972
965
959
957
951
944
943
936
933
921
922
914
908
898
894
887
886
871
867
864
858
851
843
836
836
832
822
818
814
810
803
800
797
790
788
778
780
778
772
772
768
768
763
765
764
767
767
766
765
767
772
775
775
775
782
779
785
788
795
792
800
798
806
810
818
818
817
826
830
840
844
848
856
859
869
872
883
890
896
907
913
927
940
951
958
969
972
982
983
992
998
999
999
1002
1007
1011
1007
995
993
984
977
969
963
952
939
936
922
903
891
869
857
837
822
799
783
759
738
717
696
672
651
626
601
577
547
525
499
480
462
446
434
418
408
393
384
376
369
360
354
353
349
345
342
341
339
340
340
338
338
339
337
338
339
340
339
338
337
338
336
335
338
337
338
337
337
337
337
338
335
337
336
336
337
338
336
335
334
337
336
335
336
335
337
335
336
335
337
335
333
334
335
334
334
333
333
333
335
330
330
331
331
330
331
328
331
327
326
323
323
323
319
317
316
318
317
312
313
313
313
312
314
314
315
314
314
315
314
313
313
314
312
313
314
313
313
313
314
315
312
311
314
311
312
312
310
311
311
307
310
311
310
310
311
309
310
307
310
309
308
309
309
308
308
308
308
306
307
306
305
306
305
304
306
306
306
305
304
303
304
302
304
303
301
303
303
302
301
302
300
302
300
298
300
298
300
300
297
298
296
298
297
295
297
295
295
293
293
294
294
293
293
291
290
291
290
290
289
289
288
288
286
286
287
286
286
283
284
284
284
286
283
282
280
281
280
279
280
278
279
277
278
278
278
276
276
275
274
273
274
272
271
271
270
269
270
269
268
268
268
267
266
265
265
264
264
264
262
262
260
261
259
259
259
260
258
256
257
256
255
252
254
254
255
252
254
252
251
250
250
249
247
246
246
246
245
245
245
244
242
245
242
240
239
239
237
238
238
237
236
237
236
233
234
234
233
235
231
231
232
231
230
228
230
227
225
226
224
224
225
224
222
221
220
219
220
218
217
217
215
217
214
214
213
213
211
211
211
209
209
208
207
208
206
205
203
204
205
204
204
202
202
201
201
201
200
199
199
200
197
197
199
197
197
196
195
195
194
195
196
194
194
193
192
193
194
194
193
193
192
193
193
192
192
192
192
191
193
193
193
194
193
192
194
195
195
194
195
195
197
198
199
198
198
199
201
201
202
203
205
206
209
210
211
211
217
218
218
222
225
228
232
235
239
244
248
252
259
262
268
274
281
289
295
304
312
322
335
341
357
365
380
391
405
418
433
448
464
481
497
512
529
548
568
583
605
625
646
663
685
705
726
742
767
785
814
829
856
875
894
925
948
966
993
1015
1041
1060
1086
1112
1141
1161
1188
1208
1239
1260
1287
1317
1335
1366
1387
1421
1446
1470
1496
1522
1549
1583
1608
1640
1676
1695
1727
1750
1782
1801
1830
1848
1876
1894
1917
1932
1948
1960
1973
1982
1992
1999
2007
2012
2018
2022
2027
2031
2035
2039
2041
2044
2047
2049
2051
2053
2056
2058
2059
2061
2062
2064
2066
2067
2069
2070
2071
2071
2073
2074
2075
2076
2077
2078
2079
2080
2081
2082
2082
2083
2084
2085
2086
2086
2087
2087
2088
2088
2090
2090
2091
2091
2092
2092
2093
2093
2094
2095
2095
2095
2096
2096
2097
2097
2098
2098
2098
2098
2100
2099
2100
2100
2101
2101
2102
2102
2103
2102
2103
2103
2104
2104
2105
2105
2105
2105
2105
2105
2106
2106
2107
2106
2107
2107
2108
2108
2108
2108
2108
2108
2109
2109
2110
2109
2110
2110
2111
2111
2111
2111
2112
2111
2112
2112
2113
2112
2113
2113
2113
2113
2114
2114
2114
2114
2114
2114
2115
2116
2116
2115
2116
2115
2116
2117
2117
2117
2117
2116
2117
2117
2118
2117
2118
2118
2118
2118
2118
2119
2119
2119
2119
2119
2119
2119
2120
2119
2120
2120
2120
2120
2121
2120
2121
2120
2121
2121
2122
2121
2122
2121
2122
2122
2122
2122
2123
2123
2123
2122
2123
2123
2124
2123
2124
2123
2124
2124
2124
2124
2124
2124
2124
2124
2125
2125
2125
2125
2125
2125
2125
2125
2126
2125
2125
2125
2126
2126
2127
2126
2127
2126
2127
2126
2127
2126
2127
2127
2127
2127
2128
2127
2128
2128
2128
2128
2128
2128
2128
2128
2128
2128
2129
2129
2129
2128
2129
2129
2129
2129
2129
2129
2130
2097
2014
1945
1871
1704
1618
1593
1509
1345
1267
1215
1130
980
904
884
845
716
690
577
517
487
398
329
327
328
324
320
317
316
314
310
306
306
305
303
300
297
296
295
291
288
288
285
284
282
281
278
275
274
274
271
270
269
267
264
261
261
259
257
254
255
252
250
251
246
247
247
245
242
241
240
240
238
238
238
236
235
232
231
232
232
231
232
232
228
228
227
227
226
226
225
224
222
222
221
221
221
221
221
219
219
219
217
215
217
215
215
214
214
214
213
213
212
214
210
211
210
208
208
207
206
205
207
207
205
205
203
204
202
204
200
203
201
200
201
200
200
198
198
199
196
197
196
195
194
194
195
193
195
192
191
192
190
191
190
188
190
188
188
187
186
187
186
185
185
185
185
184
183
182
181
180
180
181
178
178
177
179
176
177
174
175
172
173
173
173
172
173
171
170
169
170
169
170
168
167
167
168
166
165
168
165
165
164
165
164
164
164
162
162
164
162
162
161
162
162
161
161
161
159
161
161
160
160
158
159
158
159
159
159
157
157
157
158
158
159
156
157
157
157
156
156
156
156
156
157
155
156
156
156
155
155
154
155
153
153
153
155
154
153
154
154
153
152
153
153
153
152
151
152
152
152
153
151
150
152
151
153
152
151
151
151
150
151
152
150
150
150
148
149
149
149
149
150
150
150
148
148
150
149
150
149
149
150
149
149
150
151
150
151
150
151
151
150
152
153
150
151
150
152
151
153
153
153
151
152
152
153
154
154
153
154
153
153
155
155
155
154
155
158
156
157
157
157
156
157
158
159
159
159
160
161
161
162
162
164
166
166
164
166
167
169
169
172
171
173
174
176
177
178
178
180
180
181
182
185
185
186
187
189
192
192
193
196
197
198
200
202
204
207
208
210
211
214
216
218
220
222
223
225
228
227
229
230
232
235
238
240
241
244
244
247
249
251
252
255
256
258
263
263
268
267
270
274
276
280
281
284
287
291
294
298
300
301
304
306
308
311
316
319
320
321
325
326
332
335
337
341
344
348
352
355
358
365
367
372
376
380
385
389
393
399
403
410
414
420
424
433
437
446
450
458
464
470
478
491
499
505
511
522
530
537
546
554
563
572
579
591
598
609
618
629
635
648
656
666
677
691
702
716
732
748
768
792
815
844
866
898
929
959
986
1010
1040
1070
1095
1123
1142
1162
1188
1219
1242
1267
1296
1322
1346
1368
1393
1417
1436
1463
1493
1521
1545
1570
1591
1622
1647
1675
1690
1708
1733
1745
1765
1783
1801
1816
1830
1843
1856
1869
1877
1893
1901
1912
1920
1928
1936
1941
1948
1951
1958
1962
1968
1971
1977
1981
1985
1990
1993
1997
2000
2004
2006
2010
2012
2015
2018
2020
2021
2024
2026
2029
2030
2032
2033
2036
2036
2039
2039
2041
2041
2043
2044
2046
2047
2048
2048
2050
2051
2052
2053
2055
2054
2057
2056
2058
2057
2060
2060
2061
2061
2062
2063
2064
2064
2065
2064
2065
2064
2060
2057
2032
2012
1951
1901
1831
1791
1761
1733
1711
1687
1668
1641
1619
1604
1577
1551
1527
1510
1500
1481
1454
1427
1404
1371
1353
1320
1294
1264
1231
1197
1167
1142
1119
1097
1077
1054
1025
1009
989
974
957
941
927
909
897
881
866
855
841
834
821
809
798
788
780
770
760
755
745
736
729
722
715
704
698
690
683
675
669
661
654
651
645
637
628
621
613
610
602
598
589
584
577
570
564
557
550
543
538
529
522
514
510
510
501
499
496
490
487
483
482
479
474
469
466
459
454
451
446
442
439
434
434
431
425
424
421
417
417
414
413
412
408
405
406
402
401
398
394
392
391
388
386
381
381
375
375
373
370
365
364
361
359
355
353
350
347
345
342
340
337
336
333
328
327
325
324
320
317
313
310
306
304
303
300
298
298
296
295
290
288
286
285
282
281
279
276
275
273
271
268
268
263
263
261
261
260
258
255
255
254
252
252
252
251
250
250
251
251
253
254
255
259
259
261
265
265
272
277
281
286
293
300
307
314
320
326
333
339
347
352
356
360
364
369
370
373
375
379
381
382
381
386
388
392
391
393
395
397
398
398
399
401
405
407
408
410
410
412
413
417
417
419
420
422
424
426
429
432
433
435
437
440
443
445
448
448
452
454
457
459
459
465
468
469
472
476
475
480
483
487
490
487
493
494
496
497
496
495
498
495
483
465
458
478
497
501
503
500
498
498
494
494
492
491
487
485
481
481
479
478
481
480
482
483
486
489
493
497
507
512
521
527
536
544
554
564
567
574
581
587
591
593
597
598
601
605
607
610
610
611
615
622
624
626
631
631
634
636
636
643
646
649
652
654
654
656
659
664
666
669
673
676
676
681
684
685
688
691
695
698
697
703
704
709
712
715
719
723
727
728
729
732
733
739
739
742
747
752
753
757
761
763
766
771
775
777
787
798
808
815
830
839
855
869
888
912
935
967
993
1015
1033
1055
1070
1087
1100
1107
1112
1121
1125
1122
1129
1131
1131
1132
1130
1132
1137
1131
1133
1136
1133
1125
1127
1125
1125
1126
1123
1124
1124
1112
1115
1112
1113
1114
1107
1107
1107
1112
1111
1108
1104
1107
1106
1107
1108
1107
1108
1106
1103
1106
1105
1105
1101
1102
1101
1106
1102
1099
1101
1102
1104
1099
1097
1091
1095
1096
1090
1090
1087
1089
1081
1081
1078
1074
1066
1071
1062
1050
1043
1038
1027
1017
1005
989
974
959
935
920
899
878
852
833
811
788
768
748
731
706
691
676
656
642
626
612
594
575
557
545
536
521
510
498
487
481
470
459
447
431
408
383
372
376
386
397
397
392
389
386
385
380
382
378
376
374
372
372
368
367
366
364
363
363
361
360
360
358
357
358
357
356
356
354
355
355
356
355
356
357
355
353
358
359
358
358
357
361
362
366
368
370
371
375
376
381
382
386
385
393
396
402
404
407
406
410
414
415
417
418
421
423
427
429
434
436
439
438
440
444
447
450
450
452
457
459
461
465
469
469
470
473
471
475
477
478
482
484
488
493
495
501
502
506
507
510
510
514
515
521
517
521
518
522
526
527
529
532
535
539
538
539
539
542
544
543
546
545
548
546
549
547
550
552
554
555
562
563
565
569
574
577
578
579
579
583
583
584
590
589
590
591
593
594
595
596
599
600
598
602
602
604
607
609
612
616
619
618
624
629
634
641
645
654
660
670
686
703
727
749
777
811
846
886
926
977
1034
1100
1169
1245
1340
1432
1517
1582
1649
1699
1741
1774
1796
1824
1843
1864
1873
1892
1897
1913
1915
1928
1933
1941
1943
1951
1954
1959
1963
1968
1971
1975
1978
1981
1984
1987
1989
1992
1994
1997
1999
2001
2003
2006
2007
2010
2010
2013
2013
2016
2016
2019
2019
2022
2022
2024
2024
2027
2027
2029
2029
2030
2031
2032
2033
2035
2035
2037
2038
2038
2040
2041
2041
2042
2042
2043
2044
2046
2045
2046
2047
2048
2048
2049
2050
2051
2051
2052
2052
2054
2053
2055
2055
2056
2056
2057
2057
2058
2058
2059
2059
2060
2060
2061
2061
2062
2062
2062
2062
2055
1957
1701
1503
1374
1282
1226
1179
1140
1088
1048
1007
968
928
898
864
842
832
823
807
802
791
784
774
767
760
751
746
739
731
720
715
711
706
695
695
693
684
681
680
680
669
668
663
663
658
657
651
647
646
644
643
637
639
636
636
635
631
632
626
623
625
619
618
622
620
619
618
612
607
604
599
592
592
588
582
577
568
562
554
546
538
525
511
502
484
472
462
452
439
433
421
417
405
391
381
371
358
351
340
327
318
311
303
293
289
281
275
270
265
261
256
253
251
248
246
244
244
242
241
240
238
240
238
236
234
232
231
230
230
228
227
227
227
223
223
222
222
222
221
221
218
218
217
218
218
218
216
217
217
217
216
215
214
215
214
214
214
213
213
214
213
213
211
210
209
212
211
211
211
214
212
212
212
211
211
211
210
211
210
212
212
212
212
212
211
210
210
210
210
208
208
209
210
211
212
211
211
210
209
209
210
208
208
209
208
208
207
207
208
209
208
209
208
208
208
207
208
210
206
206
205
206
205
206
204
204
206
207
206
205
203
204
198
198
195
194
196
197
202
203
200
199
201
200
200
203
201
202
203
204
203
204
203
202
205
204
205
205
205
206
206
205
202
205
203
205
205
205
203
203
204
205
205
205
206
206
204
207
203
205
202
202
200
202
205
205
206
206
201
204
204
205
200
201
202
205
204
204
203
206
204
206
206
207
209
210
208
210
207
209
208
210
210
210
209
208
209
207
210
210
210
211
210
211
211
212
211
212
209
211
211
213
213
212
212
213
213
214
213
215
213
217
215
215
215
214
217
216
215
216
216
216
218
220
216
217
217
218
218
217
218
217
218
218
218
217
217
217
214
218
220
221
220
219
219
221
221
221
222
222
219
221
222
221
222
221
221
221
221
224
224
223
222
225
223
224
224
225
226
224
224
225
225
225
226
225
226
226
226
226
227
227
226
228
227
228
228
227
229
229
229
229
228
232
229
232
229
230
233
232
232
232
230
230
233
233
234
234
232
233
233
234
235
235
234
235
236
233
235
236
234
236
236
236
236
237
236
238
237
236
238
239
238
238
237
238
238
241
239
240
239
239
240
240
239
241
241
241
240
241
241
241
241
241
243
241
241
243
242
243
242
245
242
242
245
244
243
245
243
242
243
243
242
245
243
245
245
245
246
246
246
245
247
246
244
246
244
245
246
247
245
245
246
245
246
247
246
246
249
247
247
247
247
247
249
247
248
248
248
249
246
248
248
247
247
249
246
248
248
248
250
249
248
248
248
248
247
248
248
248
248
249
247
247
247
249
246
249
247
248
248
248
248
248
248
250
249
249
249
249
249
247
248
247
247
249
246
246
247
248
248
247
248
247
248
249
247
247
248
250
248
247
246
250
247
248
249
248
248
248
247
249
247
248
248
248
248
247
248
248
248
247
248
249
248
247
249
247
247
250
249
249
249
248
247
247
249
249
248
247
246
247
246
248
247
245
246
245
245
246
247
247
245
246
247
246
243
243
246
246
244
245
247
243
244
245
244
245
245
244
243
243
243
243
243
243
243
243
244
244
242
243
243
241
241
242
241
242
240
241
240
241
239
240
239
240
241
240
242
240
240
239
239
239
239
240
241
239
239
240
238
240
239
240
239
240
240
240
241
239
239
241
237
240
238
240
240
240
239
240
239
240
240
237
240
240
238
238
240
239
239
240
240
240
238
238
238
240
241
239
240
239
240
238
240
239
239
240
240
241
241
239
238
239
238
240
240
239
241
241
240
240
240
240
239
242
241
242
241
243
241
241
240
242
242
242
243
240
241
242
241
242
239
241
241
241
242
241
241
242
244
242
245
244
241
244
241
243
242
241
240
241
244
242
242
241
239
238
240
240
240
241
242
244
243
243
244
244
244
244
241
246
245
245
245
244
244
245
244
247
245
244
244
246
244
245
246
247
245
247
246
247
248
246
248
248
249
248
249
250
249
250
249
250
250
250
249
251
250
252
250
250
251
251
251
250
252
252
252
251
252
253
252
253
253
253
253
253
253
252
254
255
253
255
254
254
253
255
256
257
256
257
257
257
255
257
254
254
255
255
255
257
257
256
256
254
256
255
257
256
255
256
257
259
254
256
255
255
256
257
255
256
256
256
254
257
256
254
256
255
255
255
255
255
255
255
254
254
254
254
255
255
256
254
255
255
255
257
255
254
254
255
254
254
253
255
253
254
255
255
254
254
253
255
254
253
253
253
253
253
254
253
254
253
253
255
252
253
254
251
252
252
252
252
253
252
250
252
251
250
251
252
252
251
254
252
251
252
250
250
251
250
252
250
250
251
248
250
250
250
249
250
250
247
250
249
250
250
250
249
249
248
249
251
251
250
249
248
249
249
248
248
249
248
248
250
249
248
249
248
247
248
249
248
249
247
248
247
247
248
247
248
246
247
248
247
246
247
247
248
247
247
248
247
247
247
246
244
245
245
248
245
245
247
246
246
246
245
245
245
245
247
245
245
245
245
243
244
246
245
245
245
246
246
245
248
247
245
247
246
246
246
244
246
247
246
246
246
247
247
247
248
246
245
246
247
247
247
248
245
246
247
247
248
245
245
247
247
246
247
248
247
245
247
245
244
246
245
245
244
246
245
243
245
243
243
245
244
245
244
245
245
242
244
243
242
244
242
242
241
243
242
243
241
240
239
240
241
240
240
241
241
239
240
240
238
238
238
238
240
238
239
237
236
237
237
237
236
237
235
237
239
149
29
30
28
29
28
29
29
