24
23
23
18
19
20
20
20
20
20
19
19
20
20
19
19
18
19
19
20
20
19
19
19
20
19
20
20
20
19
19
25
30
29
29
30
28
30
29
30
29
29
29
29
29
30
29
29
28
29
29
29
30
30
29
29
29
28
29
28
30
29
30
29
29
29
30
29
28
28
29
29
29
29
29
29
29
30
29
29
29
29
29
29
30
29
29
29
28
28
28
29
29
29
28
29
28
28
29
29
28
29
28
28
28
29
29
27
28
28
29
28
29
29
28
27
28
28
29
29
29
28
27
28
29
28
28
28
28
29
28
28
28
28
28
28
29
28
30
29
27
28
28
29
28
29
28
27
29
28
29
28
29
29
27
29
28
28
28
28
28
28
28
28
29
28
27
28
29
29
28
28
28
28
28
28
28
28
29
28
29
28
28
28
28
28
27
28
29
29
28
28
28
27
28
28
28
28
28
28
28
28
29
28
28
28
28
29
28
27
28
28
29
29
28
28
28
28
27
28
28
28
29
29
29
28
27
28
28
29
29
28
29
28
28
29
28
27
28
29
29
28
29
27
29
28
28
29
33
28
28
28
29
29
30
28
27
29
29
29
29
28
29
29
29
29
29
28
29
30
28
28
29
29
31
29
29
29
29
29
29
29
29
30
29
29
30
30
30
30
29
29
30
30
30
30
29
29
30
30
29
30
30
30
30
29
29
30
30
30
30
31
30
30
30
29
30
30
31
30
30
30
30
31
31
31
31
30
31
30
31
31
30
31
31
31
31
31
32
31
31
31
31
31
31
32
32
31
32
32
32
32
33
32
32
32
32
32
33
33
33
33
32
33
33
32
33
33
33
33
33
33
33
33
33
33
33
34
33
33
34
34
34
34
34
34
34
34
34
34
35
35
35
35
35
34
35
36
35
35
35
34
36
36
36
36
36
36
36
36
37
37
37
36
36
36
37
37
36
36
37
37
37
37
37
37
37
37
38
37
38
38
38
37
38
39
37
38
39
38
39
39
39
39
40
40
40
39
39
40
40
40
40
41
41
40
41
40
40
41
40
42
40
41
41
42
42
42
41
42
43
43
43
43
43
43
43
42
42
43
43
43
44
44
44
44
44
44
44
44
44
45
46
44
45
45
46
45
45
45
45
46
47
47
47
46
46
46
47
47
48
48
48
48
49
48
49
48
49
50
50
50
50
50
50
50
51
51
52
51
52
50
51
52
51
52
52
53
53
53
54
53
52
54
54
54
54
55
55
56
55
55
56
56
56
56
57
58
57
58
58
58
56
57
59
59
59
60
61
60
61
61
61
62
61
61
62
63
63
64
64
63
64
63
65
65
66
65
67
67
67
67
67
68
68
68
70
70
70
70
70
70
71
71
72
72
73
72
73
74
75
75
74
76
76
76
77
77
77
78
80
78
79
80
81
81
82
82
83
83
84
83
85
83
85
85
86
87
87
87
88
87
89
90
91
92
91
92
93
93
94
95
95
95
96
97
97
98
100
100
100
102
101
103
104
104
104
104
106
107
108
109
109
112
112
113
115
115
114
116
116
118
119
119
122
122
123
124
126
127
128
129
132
131
133
134
134
138
137
139
140
141
144
147
148
150
153
155
158
161
163
167
172
173
179
183
186
190
195
200
204
212
216
224
226
234
238
247
253
262
268
273
281
290
300
308
314
326
338
346
354
365
374
380
390
403
413
424
437
449
459
476
484
500
514
528
541
559
571
588
596
612
625
642
655
672
686
702
711
728
745
763
780
793
804
817
832
847
857
882
893
910
919
938
946
960
969
986
996
1016
1023
1042
1045
1062
1073
1083
1092
1110
1115
1121
1118
1134
1151
1182
1192
1208
1219
1235
1245
1255
1273
1287
1290
1303
1313
1319
1331
1346
1358
1370
1371
1391
1399
1411
1428
1438
1447
1461
1460
1467
1467
1468
1468
1477
1491
1496
1495
1505
1504
1516
1523
1523
1522
1533
1538
1549
1544
1547
1550
1562
1561
1565
1564
1569
1573
1570
1575
1576
1569
1574
1577
1572
1570
1577
1571
1571
1568
1573
1565
1565
1563
1568
1562
1560
1552
1545
1553
1557
1549
1544
1544
1541
1535
1538
1523
1523
1524
1515
1504
1506
1502
1498
1496
1490
1478
1465
1461
1450
1438
1433
1418
1408
1397
1389
1375
1371
1358
1340
1328
1316
1299
1291
1276
1263
1242
1231
1218
1209
1192
1181
1163
1151
1138
1123
1110
1096
1081
1066
1053
1046
1036
1018
1007
990
980
971
956
948
934
920
906
899
888
881
864
856
850
834
820
808
798
786
775
765
757
741
731
721
707
700
686
675
665
654
643
630
619
606
601
588
581
571
561
550
545
534
524
514
508
498
489
481
476
469
466
460
453
447
441
435
427
420
413
407
402
395
388
384
376
371
367
361
353
348
343
335
332
325
322
313
309
303
298
290
285
279
275
270
263
258
254
249
247
242
238
233
229
227
225
220
216
211
207
203
203
200
196
194
190
188
184
183
181
177
175
172
170
166
166
164
159
158
155
154
153
150
147
146
143
142
140
138
137
135
133
131
131
129
127
126
124
122
122
120
117
117
116
114
113
111
111
109
109
108
106
105
104
102
102
101
100
99
97
98
96
96
94
93
92
92
89
89
88
88
88
87
87
86
86
83
83
83
82
81
82
80
80
81
81
79
79
79
78
77
77
77
76
76
75
75
75
76
75
74
76
74
74
74
73
73
72
73
72
74
73
73
71
71
71
70
71
71
70
70
69
72
70
70
70
69
68
69
69
68
68
68
69
67
67
67
68
67
67
66
66
66
67
67
66
65
65
66
66
67
65
65
65
65
65
65
65
64
64
64
63
64
65
64
64
63
63
63
62
63
62
63
63
62
62
63
62
62
62
62
62
63
62
61
61
61
60
62
61
61
62
61
61
61
61
61
61
60
60
60
61
60
62
61
61
61
61
59
60
61
62
60
62
60
60
61
60
61
60
60
61
60
61
60
61
60
60
61
61
61
60
60
61
61
60
59
60
61
61
61
61
61
59
61
60
62
60
61
62
61
60
59
60
61
62
62
62
62
61
62
61
62
62
61
62
62
62
62
62
63
62
62
62
62
63
63
62
63
63
63
63
65
65
64
64
64
65
66
65
65
65
65
66
66
66
67
67
68
69
68
68
69
69
70
70
70
72
72
75
75
74
75
76
77
78
79
80
80
82
83
83
84
86
87
89
91
92
94
95
96
98
101
103
105
107
108
110
113
115
117
120
122
126
129
132
133
138
139
142
146
150
153
157
161
163
167
170
177
179
185
187
192
197
203
208
211
219
222
228
233
237
244
252
254
260
265
272
278
285
291
296
302
308
315
321
327
332
338
345
352
358
361
369
374
381
389
394
403
407
414
420
424
432
437
444
453
456
466
475
484
489
499
507
514
520
531
542
551
562
573
583
599
612
620
636
647
661
677
691
703
718
735
749
770
785
801
814
828
843
862
878
895
905
919
933
952
961
980
995
1008
1020
1038
1047
1060
1070
1084
1096
1112
1121
1133
1142
1158
1165
1168
1187
1192
1206
1222
1228
1237
1249
1259
1271
1277
1281
1293
1298
1304
1320
1322
1335
1332
1343
1353
1355
1359
1364
1368
1381
1379
1383
1387
1393
1398
1398
1400
1404
1411
1403
1408
1407
1415
1413
1414
1414
1416
1414
1413
1409
1405
1402
1406
1399
1398
1388
1386
1381
1374
1366
1360
1347
1341
1337
1324
1311
1300
1281
1271
1248
1238
1223
1205
1189
1174
1152
1129
1106
1087
1060
1042
1016
985
961
938
915
890
867
844
820
797
771
749
727
704
686
667
648
628
607
590
570
561
543
528
515
504
491
479
469
458
446
441
434
423
418
413
404
401
392
390
388
383
376
376
374
371
367
367
366
366
365
367
366
364
365
365
364
367
370
371
373
373
377
378
382
384
386
390
389
393
398
399
401
407
411
414
416
421
423
429
434
437
441
445
449
451
456
462
464
470
475
475
481
487
491
496
502
507
510
513
519
523
531
538
538
540
548
550
556
561
570
575
580
582
584
588
594
599
605
608
610
615
623
630
629
639
643
645
654
650
653
658
661
669
670
673
673
678
682
684
686
691
693
696
698
698
699
701
700
702
705
707
703
705
701
705
706
706
704
703
702
702
700
701
700
697
694
696
694
691
691
689
690
684
675
675
674
674
671
667
667
661
661
658
660
653
649
645
642
636
633
628
626
620
619
614
610
607
599
599
592
588
584
580
577
572
566
562
557
553
548
544
540
533
529
523
517
514
510
501
500
495
492
482
482
477
473
467
462
458
449
444
440
437
432
425
420
414
411
405
404
398
392
385
382
378
374
369
364
357
356
350
345
342
337
333
328
326
322
317
313
308
304
299
296
292
289
284
281
276
275
268
267
264
260
257
254
251
245
244
240
237
235
233
228
225
222
221
217
214
214
209
208
205
202
200
196
194
194
190
189
184
185
182
179
180
177
175
172
169
169
167
165
163
162
159
158
155
153
152
150
150
149
146
145
141
142
140
140
138
136
136
133
131
131
130
128
126
125
125
125
123
121
118
118
118
117
118
115
115
112
112
111
111
109
108
109
107
106
104
104
102
102
103
101
100
98
99
98
97
96
94
95
95
93
90
86
85
85
89
88
89
88
88
87
88
86
86
85
85
85
85
81
82
81
81
81
80
79
79
78
79
77
77
77
76
76
75
75
75
74
74
72
72
72
72
71
70
70
70
71
69
71
68
68
67
66
68
66
66
66
65
65
65
64
65
64
65
65
62
63
63
63
61
62
61
62
61
61
59
60
60
59
60
59
59
58
59
58
58
57
57
57
58
57
56
56
57
55
55
55
55
55
53
54
55
54
54
53
53
53
54
53
52
51
52
53
51
52
52
53
51
52
51
51
51
51
50
51
52
51
49
51
50
50
49
50
50
49
48
50
49
50
49
49
50
49
49
49
49
49
49
49
49
49
50
48
49
49
49
48
49
48
49
48
47
50
49
46
49
49
49
49
49
49
50
50
49
49
49
49
49
49
49
48
49
49
50
50
49
49
49
50
50
50
49
50
49
50
50
50
50
51
49
49
50
50
51
51
51
51
50
51
50
52
52
51
51
52
50
49
52
52
52
51
52
52
52
53
52
52
52
52
52
53
52
52
52
53
53
53
53
53
51
50
49
50
51
52
53
53
53
53
53
53
53
54
54
55
55
55
55
55
56
56
55
55
56
55
56
56
56
56
56
56
56
57
56
58
58
57
56
57
56
56
56
58
58
57
57
57
57
59
57
58
57
58
57
57
57
58
58
57
57
58
58
57
57
57
57
58
57
57
57
56
57
57
57
58
56
58
57
57
56
56
56
56
55
56
55
56
55
55
54
55
54
54
53
54
53
54
52
53
52
52
53
51
51
51
51
51
51
51
49
49
50
50
49
49
49
49
48
48
48
48
47
48
48
47
47
47
46
47
46
46
44
45
44
44
44
44
44
44
43
43
43
43
43
43
42
42
42
42
43
41
42
40
41
40
40
40
40
40
40
40
40
39
38
38
39
38
38
38
38
37
38
37
35
37
36
36
37
36
35
36
35
35
35
35
36
35
35
35
35
35
34
35
35
34
34
33
34
34
33
33
33
34
33
33
32
32
32
32
32
32
33
33
31
32
32
31
31
32
32
31
31
31
31
31
31
31
30
31
31
31
31
30
31
31
30
30
30
30
30
30
30
30
31
30
30
30
30
30
30
30
29
29
30
30
29
29
29
29
29
29
29
29
29
29
29
29
29
29
30
29
29
29
29
29
29
29
29
29
28
29
29
29
28
29
29
29
28
28
28
28
28
30
29
29
28
28
28
28
28
29
29
28
29
28
28
28
29
29
28
28
28
29
28
28
28
28
28
28
28
28
28
28
28
28
28
28
28
28
29
28
28
29
28
28
28
28
28
28
28
28
29
28
28
28
29
28
28
28
28
28
28
29
27
28
28
29
28
28
29
27
28
28
28
28
28
28
28
28
28
28
28
29
29
28
28
28
27
27
26
28
27
28
27
27
27
27
28
27
28
28
28
29
27
28
27
28
28
28
28
27
28
28
27
28
28
29
28
28
28
28
28
27
28
28
27
28
28
28
26
28
28
27
27
28
28
28
27
29
28
27
29
27
27
28
28
27
28
28
28
27
28
27
28
28
28
28
27
28
27
28
28
28
28
28
28
28
28
28
29
27
28
28
27
28
27
28
27
28
27
28
27
28
27
28
28
28
28
29
28
28
28
27
28
28
28
27
28
28
28
28
28
28
27
28
28
28
28
28
28
27
27
27
28
28
28
28
28
27
29
28
28
28
27
27
28
28
28
27
28
27
28
27
28
27
28
28
27
28
28
28
27
27
27
28
27
28
27
28
28
27
28
28
27
28
27
27
27
28
28
27
28
27
28
28
28
28
28
28
28
29
26
28
27
27
28
27
28
27
27
28
27
28
28
28
28
27
27
28
27
28
27
27
26
27
27
28
28
27
27
28
27
27
27
29
28
28
29
27
28
27
28
28
28
28
28
27
28
28
28
28
28
28
28
28
28
28
28
28
28
27
28
28
27
28
28
28
28
28
27
28
28
28
29
29
28
28
27
28
28
28
29
28
28
28
29
28
28
29
28
27
28
28
28
28
27
28
27
28
27
27
28
28
28
28
28
29
28
29
28
28
28
28
29
29
27
28
27
28
28
28
28
28
28
27
28
29
29
27
29
28
29
28
28
28
28
28
27
29
29
28
29
28
27
29
29
28
28
28
28
28
29
28
28
29
28
29
28
28
28
29
29
29
28
28
29
28
28
29
28
29
29
28
28
28
28
28
28
28
28
28
29
28
29
28
28
29
28
29
28
30
28
29
29
28
28
28
28
29
28
29
29
28
28
29
29
28
28
29
29
28
28
29
28
28
29
29
29
28
28
28
28
29
29
28
29
28
29
29
29
28
29
28
29
28
28
29
28
28
28
29
29
28
28
29
28
28
28
29
29
28
28
29
29
29
28
29
28
28
28
27
28
29
29
29
29
28
29
29
29
29
29
27
29
29
29
29
29
29
29
29
29
29
29
28
28
29
29
28
29
28
29
28
29
30
29
30
28
28
28
29
29
28
29
29
30
29
29
29
29
28
29
28
29
28
29
29
29
29
28
29
28
28
29
28
29
29
29
29
28
29
28
28
28
29
28
29
29
29
28
29
29
29
29
29
30
28
29
28
29
29
29
28
29
29
28
28
28
28
30
29
29
29
29
29
29
30
29
29
29
29
29
30
29
29
28
29
28
28
29
29
29
28
28
29
29
30
29
29
28
29
29
30
29
28
29
28
29
29
29
28
29
29
28
28
29
28
29
29
28
29
29
29
29
28
28
29
29
29
28
29
29
29
29
29
29
30
28
28
29
29
28
28
29
28
29
29
28
29
28
29
28
28
29
29
28
29
28
29
28
30
28
29
29
28
29
29
29
29
29
29
28
28
29
28
29
28
29
29
29
28
29
28
29
28
29
28
29
28
29
28
28
29
28
28
27
28
29
29
29
28
28
27
29
28
28
29
29
29
28
28
28
28
28
29
28
29
28
28
29
28
29
28
28
28
28
28
28
27
29
28
28
29
29
28
28
28
28
28
29
28
28
27
28
28
28
28
28
28
28
28
29
29
29
28
28
28
28
28
28
28
28
28
28
28
28
28
28
28
28
29
29
28
28
28
28
28
28
28
28
28
28
28
28
28
28
28
28
28
27
27
27
28
28
27
28
28
27
28
27
28
28
29
28
28
28
28
27
25
27
29
27
28
28
28
28
28
28
28
28
28
28
28
27
28
28
27
27
28
28
28
28
28
28
27
27
28
27
27
28
28
27
28
28
27
27
27
27
27
28
27
27
27
28
29
27
28
28
28
27
29
27
27
28
27
28
28
28
28
28
28
28
27
28
28
28
28
27
27
27
27
28
27
27
27
27
28
28
28
27
28
28
28
27
28
28
28
27
26
28
28
28
28
28
27
28
28
28
27
28
27
27
28
28
28
28
28
27
27
27
27
27
28
27
27
28
28
28
28
27
28
27
28
28
28
27
27
27
27
28
28
28
27
28
28
28
27
28
28
27
27
28
29
27
28
28
28
27
28
27
28
28
28
27
27
28
28
28
27
27
28
28
28
28
27
28
27
28
28
28
27
28
27
27
28
28
27
27
28
28
27
28
28
28
27
27
27
28
27
28
28
27
27
28
28
28
28
27
27
28
28
28
28
28
28
27
28
29
28
27
27
28
28
27
27
27
28
28
27
28
28
28
28
28
28
27
28
28
28
27
28
27
28
27
28
28
28
28
28
28
28
28
26
27
28
28
28
28
28
28
27
28
28
27
28
28
27
27
27
28
27
27
27
28
27
27
27
28
28
27
26
27
28
33
27
27
28
27
28
27
27
27
27
27
27
25
27
27
27
28
28
29
28
28
27
27
27
28
29
28
28
28
28
27
28
28
27
28
27
27
28
29
27
27
28
27
28
28
28
27
28
27
27
28
28
28
27
27
28
28
28
27
28
28
28
28
27
25
20
20
19
19
19
19
20
