27
28
28
23
23
23
24
24
22
23
23
23
22
23
23
23
23
23
23
24
24
23
23
24
23
24
23
23
23
24
24
35
42
42
42
41
41
41
43
41
42
42
42
42
42
42
42
41
41
43
42
42
43
42
43
42
43
42
42
41
42
42
42
41
42
42
41
41
42
42
42
42
42
42
42
41
42
43
42
42
42
41
41
43
42
42
41
42
42
41
42
42
42
42
42
41
42
42
42
42
43
42
42
42
44
43
41
42
42
42
43
42
42
42
41
42
42
42
42
42
42
41
42
42
42
41
43
42
42
42
42
42
42
42
41
42
42
42
43
42
42
41
42
42
43
41
41
42
41
42
43
42
43
42
42
42
43
42
42
42
43
42
42
43
42
42
42
42
42
42
43
42
42
42
43
42
42
43
42
42
42
41
42
42
42
41
42
42
42
42
42
43
42
42
41
42
42
42
42
42
42
43
43
42
42
42
41
42
43
42
42
42
42
41
43
42
43
42
43
42
43
43
42
42
42
42
42
42
43
42
42
40
42
42
43
43
43
42
42
42
42
42
43
42
42
42
42
43
42
43
43
42
42
42
43
42
42
43
42
43
42
42
43
41
42
43
42
43
43
42
43
42
42
42
43
42
43
43
41
43
43
43
42
42
42
41
42
43
43
42
43
43
42
43
43
43
41
43
43
43
43
43
42
42
42
43
43
42
42
43
42
43
43
43
41
42
42
42
43
42
43
43
43
42
41
43
42
43
42
43
42
42
42
42
42
43
42
42
43
42
43
43
43
43
43
43
43
42
43
43
42
43
43
42
42
43
43
43
43
43
44
42
43
44
43
43
42
43
43
42
43
43
43
43
43
44
43
42
42
43
43
43
43
43
43
42
42
43
43
42
44
44
43
42
42
43
42
43
43
42
43
43
43
43
43
41
43
42
42
44
42
43
43
43
43
42
43
42
42
42
42
43
43
43
43
43
43
43
43
43
43
43
42
42
42
43
43
42
43
42
43
43
43
43
42
42
43
43
44
43
42
43
43
43
43
43
43
43
43
43
42
42
43
43
43
43
44
43
43
43
43
43
43
43
43
43
44
43
43
43
43
42
43
43
42
43
43
43
43
43
43
42
42
43
43
43
42
42
42
42
42
43
43
42
43
43
42
42
42
43
41
42
43
42
41
43
42
42
42
42
43
42
43
42
43
42
42
42
42
43
43
43
43
42
43
43
43
42
43
43
43
42
41
42
41
42
42
42
42
42
42
42
43
42
41
42
42
42
42
42
42
43
42
42
43
43
42
42
42
42
42
42
42
41
42
42
42
42
42
41
42
43
43
42
43
43
41
41
43
43
43
42
43
43
42
43
42
41
43
42
42
42
42
42
43
42
43
42
43
42
42
42
43
42
42
42
43
41
42
43
42
42
42
42
43
42
41
43
42
41
42
42
42
42
42
42
42
41
42
43
43
41
42
42
42
41
43
42
42
42
42
42
42
42
41
42
42
42
43
42
42
43
42
43
42
43
42
43
42
43
43
42
43
43
42
43
43
42
43
43
42
42
43
43
42
43
41
43
43
43
42
43
43
42
43
43
42
43
42
42
42
43
43
43
43
43
43
43
43
42
43
42
43
42
42
44
43
44
43
43
42
44
43
43
43
43
43
44
44
44
44
44
44
43
43
45
44
43
44
44
43
45
44
44
43
43
44
42
43
44
44
44
44
43
45
44
45
44
43
44
44
44
44
44
45
44
45
45
45
44
45
45
44
44
45
44
44
44
44
46
45
45
44
45
45
45
44
45
45
45
46
45
44
46
46
45
45
46
45
45
46
46
45
45
46
46
46
47
46
46
46
47
47
47
47
47
47
46
48
47
47
47
48
47
48
49
48
48
48
47
49
48
48
49
49
49
48
49
48
48
49
49
49
48
50
51
50
50
49
50
50
50
51
51
51
50
50
51
50
52
52
51
51
51
51
52
52
52
52
52
53
52
52
52
52
52
53
54
54
54
53
53
53
54
53
55
55
55
54
55
54
54
55
56
55
57
58
56
56
57
56
56
57
57
57
58
57
58
57
59
59
58
58
58
59
58
58
60
59
59
60
59
60
60
60
61
61
60
61
62
61
62
62
61
62
63
62
64
63
63
63
65
65
64
65
65
66
65
67
66
65
66
65
67
67
67
67
68
69
68
69
69
69
69
70
71
70
70
71
72
71
72
71
73
73
73
73
73
73
74
74
74
75
75
76
77
76
77
77
76
78
78
79
79
80
80
81
81
80
81
82
82
83
82
82
84
84
85
85
86
85
85
86
86
88
88
88
88
89
89
91
90
91
91
92
91
93
94
94
93
95
95
95
96
97
98
98
99
99
100
101
101
101
103
103
105
104
105
105
106
106
108
107
108
109
109
110
112
112
113
114
113
114
115
116
117
118
119
119
120
121
121
123
125
124
125
125
128
128
129
130
131
132
132
133
135
136
137
138
138
141
141
142
143
145
145
147
149
149
151
153
153
154
154
159
159
160
161
163
164
164
166
169
171
172
174
176
177
179
182
185
184
186
188
192
191
196
198
199
202
206
208
209
213
215
219
221
225
227
234
236
239
242
250
254
260
264
273
278
285
293
303
312
323
337
350
364
383
400
423
444
470
497
525
553
592
624
668
710
758
800
851
899
960
1009
1073
1130
1197
1246
1312
1366
1434
1483
1539
1583
1623
1655
1693
1721
1751
1776
1801
1819
1843
1860
1879
1896
1918
1932
1948
1963
1979
1989
1998
2006
2013
2019
2024
2029
2033
2037
2040
2042
2046
2049
2052
2054
2056
2058
2059
2061
2064
2065
2066
2068
2068
2071
2071
2073
2073
2075
2075
2077
2077
2080
2079
2081
2080
2082
2082
2084
2085
2086
2086
2088
2087
2088
2088
2090
2090
2091
2091
2092
2092
2093
2093
2094
2093
2095
2094
2096
2096
2096
2096
2098
2097
2099
2099
2100
2098
2100
2099
2101
2100
2102
2101
2102
2101
2103
2103
2104
2103
2104
2104
2105
2104
2106
2105
2106
2105
2106
2106
2107
2107
2105
2106
2097
2100
2090
2088
2087
2085
2084
2083
2081
2079
2078
2076
2076
2074
2073
2070
2071
2066
2066
2063
2062
2060
2059
2056
2055
2053
2053
2051
2049
2045
2046
2041
2040
2038
2036
2033
2033
2030
2029
2026
2025
2023
2022
2019
2018
2015
2013
2011
2010
2007
2007
2004
2001
1999
2000
1998
1996
1995
1993
1991
1989
1988
1988
1985
1984
1982
1983
1981
1980
1978
1974
1973
1835
1835
1830
1826
1824
1821
1819
1817
1815
1812
1811
1808
1807
1803
1802
1800
1797
1796
1795
1792
1790
1788
1682
1678
1628
1626
1623
1620
1617
1614
1614
1609
1606
1604
1602
1600
1598
1595
1594
1591
1590
1586
1586
1584
1583
1581
1580
1577
1577
1574
1574
1571
1570
1569
1497
1567
1376
1382
1374
1371
1369
1367
1367
1365
1364
1363
1363
1360
1359
1358
1357
1355
1356
1353
1353
1353
1352
1350
1335
1348
1155
1228
1153
1153
1151
1150
1149
1148
1148
1146
1145
1145
1142
1142
1120
1141
941
1072
940
937
938
936
936
935
934
933
933
933
932
930
930
929
930
928
929
927
928
927
926
925
926
925
925
924
924
924
924
924
923
922
922
919
921
922
922
921
921
921
920
919
919
920
918
919
919
917
919
918
918
917
916
918
917
916
917
917
916
915
916
915
743
915
712
811
711
711
711
712
711
710
710
709
710
711
710
709
710
710
708
709
708
708
708
709
708
707
708
707
708
707
708
706
708
705
706
706
704
707
505
706
501
612
500
502
501
500
502
500
499
499
310
500
294
492
294
296
295
294
294
293
294
293
293
293
293
293
293
291
292
291
293
292
293
292
292
292
292
291
291
291
292
291
291
291
291
291
292
291
290
290
290
290
290
290
289
288
289
289
289
289
289
289
289
289
289
289
289
288
289
288
289
288
288
289
287
289
288
288
288
287
287
287
287
288
287
287
288
287
287
287
289
287
288
287
286
288
287
288
288
287
287
287
288
287
287
287
286
287
287
287
286
287
287
286
287
286
286
287
287
285
285
286
287
251
225
81
80
81
82
81
81
82
82
81
83
81
82
82
82
82
81
83
83
83
82
82
79
80
83
83
83
84
82
83
83
83
83
84
83
84
84
83
85
86
84
84
84
86
85
86
86
85
86
86
86
85
87
86
86
87
87
87
87
89
89
88
88
88
90
90
91
91
91
91
91
91
91
92
92
92
92
94
95
94
95
95
96
97
98
98
97
98
99
100
101
102
102
102
104
106
107
108
109
110
111
114
115
117
118
119
121
122
125
128
130
133
134
136
140
144
146
150
151
158
161
165
171
173
180
183
188
195
200
207
215
220
229
237
245
254
265
275
285
300
311
326
341
356
372
388
406
422
441
462
483
508
536
561
585
616
641
671
701
730
759
794
827
857
895
927
968
1002
1037
1072
1110
1147
1182
1219
1259
1296
1331
1368
1403
1441
1477
1511
1539
1571
1605
1637
1664
1691
1716
1744
1769
1789
1807
1828
1848
1868
1885
1897
1913
1927
1938
1948
1960
1968
1977
1983
1991
1995
2000
2005
2009
2013
2017
2020
2023
2025
2028
2030
2033
2035
2037
2039
2041
2041
2045
2046
2047
2048
2050
2051
2052
2053
2056
2055
2058
2058
2059
2060
2061
2062
2064
2064
2065
2066
2067
2067
2068
2068
2069
2069
2071
2071
2073
2073
2074
2074
2075
2076
2077
2076
2078
2078
2078
2079
2079
2080
2081
2080
2082
2082
2082
2083
2084
2084
2084
2084
2085
2085
2086
2085
2087
2080
2018
1984
1979
1976
1973
1956
1829
1727
1708
1699
1633
1561
1550
1511
1433
1397
1390
1355
1262
1208
1127
1098
1033
954
940
872
726
662
651
641
632
623
619
605
603
602
596
592
590
590
587
586
589
587
588
587
592
592
602
600
601
606
609
615
622
622
628
635
644
644
653
659
665
673
677
683
688
694
704
708
714
725
733
740
750
758
760
766
778
785
790
797
809
817
822
831
840
846
855
861
865
871
877
886
890
898
909
913
921
925
931
935
944
946
949
951
957
962
968
965
974
980
978
985
991
989
994
993
992
995
994
992
1001
999
995
995
992
995
993
988
989
984
987
979
977
970
969
967
967
961
960
955
954
942
939
933
925
920
918
910
907
899
894
887
883
877
871
859
850
846
841
831
823
817
809
800
790
785
774
767
760
753
742
733
728
719
719
707
700
693
682
672
659
656
650
639
629
622
614
607
600
594
581
574
566
556
551
546
539
529
516
508
500
496
488
479
474
470
463
459
454
445
436
410
386
371
373
380
389
388
385
374
375
373
365
360
356
351
348
344
336
332
329
324
324
315
312
304
301
296
291
288
285
281
275
271
268
264
260
256
253
248
247
242
238
236
233
230
226
222
220
219
216
212
209
205
203
201
198
196
193
189
189
186
185
184
180
176
174
171
170
170
166
163
162
160
155
156
155
154
152
151
150
149
147
144
143
144
143
141
139
136
136
134
134
129
130
129
126
125
125
123
122
123
122
121
120
118
117
117
115
115
115
113
111
109
110
110
109
106
107
107
105
104
105
104
103
102
101
101
101
100
98
98
98
97
95
95
95
94
93
93
93
92
93
92
91
90
89
89
89
89
88
87
87
86
87
86
85
85
84
84
84
85
84
82
81
81
80
82
82
80
80
80
79
79
80
78
78
78
75
77
75
74
75
75
76
75
75
75
75
74
74
73
72
71
73
73
72
73
71
71
70
70
70
70
71
71
70
69
70
69
69
69
69
69
69
68
69
67
67
66
66
67
67
66
67
66
67
67
66
66
65
66
67
66
66
65
64
64
65
64
65
64
64
64
64
64
64
64
64
63
64
64
63
63
62
63
62
61
62
61
63
64
62
62
62
61
62
62
62
62
62
62
63
63
61
62
62
61
63
62
62
63
63
62
63
62
63
63
61
62
62
63
62
63
62
62
62
62
62
61
60
60
62
63
63
64
63
62
62
63
61
61
60
60
62
62
63
63
63
63
64
63
63
64
63
64
63
63
63
63
64
64
65
65
64
66
65
64
65
64
66
66
66
65
65
64
66
65
67
66
66
66
66
66
69
67
67
67
66
66
67
68
68
67
68
67
68
67
68
70
70
69
71
70
71
71
70
71
72
69
68
66
67
67
66
68
70
72
72
73
73
74
74
75
76
74
74
75
76
76
76
76
77
77
77
77
77
76
76
76
76
76
77
77
79
78
79
79
79
79
80
80
80
78
81
80
79
79
80
80
79
80
80
80
79
79
79
78
79
78
78
80
78
78
78
79
78
78
78
77
77
76
78
76
77
77
77
76
75
75
73
74
73
74
74
73
73
73
73
75
73
72
73
71
72
70
71
71
70
70
70
70
69
68
69
68
68
68
67
67
66
66
66
66
65
64
64
63
64
63
62
63
62
62
61
62
62
60
60
61
61
60
58
60
59
58
59
57
57
57
57
56
57
56
57
57
56
54
53
53
50
52
51
51
52
52
53
52
52
53
51
51
52
50
52
52
51
51
52
50
50
51
51
50
50
50
50
51
50
50
49
50
50
49
48
48
49
48
49
49
50
47
49
48
49
47
48
47
46
46
48
47
47
47
47
46
48
47
48
46
46
47
46
46
45
46
48
46
46
46
46
47
47
47
47
46
46
46
46
47
47
45
46
46
45
46
46
46
46
46
46
47
45
46
46
46
46
46
45
46
45
46
46
45
45
46
45
46
46
46
47
45
45
45
47
45
45
46
46
46
46
46
45
45
45
46
45
45
45
45
45
45
45
45
45
44
45
45
45
45
45
46
45
45
45
45
45
45
45
46
45
46
45
45
45
44
44
45
44
45
45
45
45
45
44
45
44
45
44
46
45
45
44
45
45
45
46
45
45
45
44
43
45
45
45
44
45
44
44
45
45
45
45
45
45
45
45
45
45
45
45
44
45
45
45
45
45
45
46
45
45
44
44
44
45
45
46
44
45
44
45
46
45
44
45
45
44
45
46
45
44
45
44
44
46
46
45
45
44
45
44
45
46
46
46
44
45
44
45
46
44
45
44
44
45
44
45
45
45
45
43
45
44
45
44
44
45
45
45
44
45
45
45
45
45
44
45
46
45
45
44
46
45
45
45
45
46
44
45
45
46
45
46
45
44
45
45
45
45
46
46
46
46
45
45
45
45
45
45
45
44
45
45
45
44
45
44
45
45
45
46
45
45
45
45
45
45
45
46
45
45
45
46
45
45
45
45
44
44
45
46
46
45
45
45
45
46
45
45
45
46
46
46
47
45
45
45
46
46
46
45
45
45
45
45
46
45
46
46
46
46
46
45
45
46
45
46
46
45
46
46
45
46
45
45
45
45
45
46
45
46
46
46
45
46
46
46
46
47
46
46
46
46
46
47
47
46
46
46
46
46
46
45
46
46
46
47
47
47
45
45
45
46
46
46
46
46
46
46
46
46
46
45
47
46
46
46
46
47
46
46
46
47
46
48
46
46
47
46
46
46
47
47
46
47
46
46
47
47
46
46
47
48
46
47
47
47
46
46
47
47
47
46
48
46
47
48
47
47
46
47
47
47
48
46
47
47
47
47
47
46
47
47
46
47
47
48
46
50
47
46
46
47
47
47
47
48
47
48
48
47
47
47
48
47
47
48
47
48
48
47
48
47
47
48
47
47
47
47
47
47
49
48
48
48
47
47
48
47
47
47
47
47
48
49
48
48
48
48
47
48
48
47
48
47
49
49
47
48
48
48
47
48
48
47
48
47
47
49
48
49
48
49
48
48
48
48
48
48
48
48
48
49
48
48
48
49
49
48
47
47
49
49
48
48
48
48
48
49
49
49
49
49
48
48
49
49
49
49
48
48
49
49
50
49
50
50
49
50
49
49
50
51
48
48
49
49
49
48
49
49
50
50
49
49
49
50
50
50
49
50
49
49
49
49
49
50
50
49
50
50
49
50
50
50
50
50
50
49
50
49
49
49
49
50
50
50
48
50
50
49
51
50
50
51
50
50
50
50
50
50
50
50
50
50
51
50
50
49
50
51
49
50
50
49
49
50
50
50
50
51
50
51
50
50
50
49
50
49
50
50
50
51
50
50
50
51
50
50
51
50
50
51
51
50
49
50
50
50
51
50
50
50
49
50
51
51
50
51
49
51
51
50
51
51
51
51
50
50
52
50
50
51
49
51
51
50
50
52
52
51
51
50
50
51
51
51
51
51
51
51
51
50
50
51
51
51
52
50
51
51
50
51
51
50
51
49
50
51
51
51
51
50
51
50
51
51
51
50
50
51
51
50
51
50
51
50
51
51
51
50
50
52
50
50
51
51
49
51
51
50
51
50
50
50
51
51
50
50
50
52
49
50
51
51
52
49
50
50
50
50
50
50
51
51
50
51
50
49
51
51
50
51
51
50
51
50
50
50
51
51
51
50
50
50
52
50
50
50
50
50
50
51
51
50
50
50
49
50
51
49
50
50
50
51
50
50
50
50
50
50
51
51
50
50
50
50
49
50
50
50
50
50
49
50
50
50
50
50
50
50
50
49
49
49
49
49
50
50
51
50
50
48
50
49
50
50
50
49
50
50
50
49
50
49
49
50
50
50
49
49
49
49
49
49
48
49
49
50
49
50
49
48
49
49
47
49
49
49
48
48
50
50
48
48
49
49
49
50
39
24
23
23
24
23
23
24
