30
29
29
25
25
25
25
25
24
25
25
26
24
25
25
25
24
25
25
26
24
26
25
26
25
25
25
25
26
24
24
33
38
38
38
37
37
38
38
37
38
37
37
37
38
37
37
39
39
37
37
38
38
39
38
38
37
38
37
37
38
37
38
37
38
38
38
37
37
37
37
37
35
38
38
37
37
37
38
38
37
37
37
36
38
38
37
38
38
37
38
38
37
38
37
37
37
38
37
36
38
37
38
38
37
38
37
38
38
37
37
39
38
37
38
39
37
38
38
37
37
37
37
38
37
38
37
38
37
38
39
38
39
38
38
38
38
38
38
37
39
38
37
37
37
37
37
37
38
38
38
37
38
37
37
38
38
39
38
36
38
37
38
38
38
37
37
37
37
39
38
36
37
38
38
36
36
38
37
38
37
37
37
38
38
37
37
37
38
37
38
38
36
37
38
37
38
38
37
37
36
38
38
37
38
37
38
37
37
37
38
38
38
37
37
38
38
38
37
38
38
37
38
38
37
38
37
38
38
38
38
38
37
36
38
37
38
38
37
37
38
38
37
38
38
38
37
39
39
37
39
38
38
38
38
37
38
37
38
38
40
39
40
37
37
38
38
38
38
39
37
38
38
39
39
37
40
39
38
38
38
38
38
37
38
37
38
38
37
37
37
38
38
38
36
37
36
38
38
38
38
38
37
37
37
38
38
38
38
38
37
38
39
37
37
36
38
37
38
37
37
37
37
38
38
38
37
38
37
37
37
39
37
38
37
37
37
38
38
38
37
38
37
37
38
38
38
38
37
36
37
38
38
37
36
37
37
38
37
38
37
38
37
37
37
38
36
37
36
37
39
38
36
37
37
38
38
38
37
39
38
38
39
37
38
39
38
37
37
36
38
38
37
40
38
37
37
38
38
38
38
37
37
37
37
38
39
37
35
37
38
38
37
37
38
37
38
37
38
37
37
38
38
38
38
38
38
37
40
38
39
38
37
38
38
38
38
38
38
39
38
39
37
38
38
39
39
39
38
38
39
38
38
39
39
39
40
37
39
37
39
39
38
38
38
38
38
39
38
39
38
37
38
39
39
38
38
41
39
38
38
40
38
39
39
39
39
39
39
39
39
39
40
39
39
40
40
40
39
40
40
39
38
40
41
39
39
39
40
40
39
40
40
41
40
40
40
41
40
40
40
40
41
41
41
40
40
41
41
41
41
41
41
42
42
41
41
41
41
41
41
42
42
41
42
41
42
42
42
42
41
42
42
42
42
40
42
42
43
42
42
42
42
43
42
43
43
43
42
43
42
43
43
44
42
43
43
43
43
44
44
43
44
44
44
44
44
45
45
44
44
45
44
44
44
44
43
44
45
46
44
44
45
46
44
46
45
46
45
46
46
46
47
46
46
46
46
46
47
46
48
47
47
47
47
47
48
48
49
47
48
49
49
49
48
48
47
49
49
48
49
49
48
49
49
50
50
49
50
50
50
50
50
50
51
51
51
50
51
51
51
51
51
52
52
52
51
53
51
53
52
51
53
54
54
53
54
54
53
54
54
53
54
54
55
54
55
55
55
55
56
56
55
56
54
57
58
57
58
57
56
58
58
58
58
57
59
57
58
59
59
58
60
59
59
60
60
60
60
60
61
62
62
62
62
63
62
62
62
63
63
64
62
64
65
64
65
65
65
65
64
66
66
66
66
65
66
67
67
69
67
68
67
70
70
69
69
70
71
70
71
70
70
71
72
72
74
72
72
74
73
73
74
74
75
77
76
76
75
77
79
78
78
78
79
80
79
81
81
82
82
83
82
83
83
84
84
86
87
85
84
87
85
87
88
90
89
90
92
91
92
93
93
94
95
95
96
97
99
99
102
101
103
104
107
111
111
114
115
115
119
121
121
123
128
130
132
137
140
141
146
150
152
157
163
165
170
176
179
185
191
199
200
208
214
220
226
234
238
246
256
264
271
281
289
298
307
318
324
333
345
356
365
374
380
391
406
420
429
440
452
464
477
490
502
514
527
540
554
567
581
600
611
627
639
653
668
683
692
712
726
740
756
773
784
807
817
831
846
862
877
894
908
923
937
956
973
986
1005
1022
1034
1055
1070
1089
1102
1118
1132
1149
1169
1193
1205
1224
1237
1259
1271
1287
1304
1329
1340
1357
1371
1393
1410
1430
1440
1464
1479
1500
1516
1527
1547
1567
1577
1597
1618
1630
1642
1667
1674
1693
1712
1729
1738
1754
1768
1783
1793
1805
1820
1836
1846
1856
1865
1876
1883
1894
1900
1907
1911
1924
1925
1932
1938
1945
1950
1957
1963
1968
1971
1978
1980
1984
1984
1989
1990
1995
1997
2001
2001
2004
2007
2009
2010
2011
2014
2014
2017
2017
2020
2021
2023
2023
2025
2026
2025
2025
2027
2028
2028
2028
2028
2029
2027
2029
2028
2029
2029
2029
2027
2029
2024
2026
2024
2023
2023
2019
2018
2016
2013
2010
2009
2006
2003
2000
1997
1994
1988
1987
1980
1973
1968
1966
1959
1954
1950
1944
1938
1932
1929
1922
1921
1918
1914
1912
1903
1899
1892
1885
1878
1873
1871
1867
1859
1857
1849
1846
1839
1833
1817
1813
1784
1779
1776
1767
1760
1752
1745
1738
1730
1723
1697
1690
1677
1673
1665
1655
1647
1638
1627
1622
1612
1602
1594
1584
1579
1575
1560
1552
1550
1537
1534
1525
1515
1507
1500
1493
1485
1477
1475
1470
1457
1449
1439
1435
1425
1418
1409
1405
1397
1391
1388
1380
1371
1360
1353
1349
1342
1332
1330
1323
1312
1310
1301
1299
1290
1284
1273
1272
1267
1253
1249
1242
1238
1232
1225
1219
1210
1202
1174
1160
1094
1090
1087
1080
1069
1063
1055
1051
1043
1036
1028
1020
1017
1005
1004
994
989
984
972
967
963
956
951
943
939
932
921
918
914
906
899
893
886
882
874
866
860
855
826
804
726
712
710
702
694
688
683
679
672
664
658
650
647
640
635
630
623
616
613
606
598
594
588
582
574
570
567
560
556
549
544
537
531
526
520
514
509
502
495
491
482
480
473
467
463
454
451
447
439
436
431
426
423
415
415
409
402
396
394
389
386
381
377
371
367
363
360
355
351
346
343
341
333
329
325
322
319
315
309
306
306
300
297
293
289
283
281
278
273
270
269
263
259
256
254
251
248
244
241
238
237
234
230
229
226
223
220
218
215
213
211
209
207
204
203
201
195
194
193
192
189
187
185
182
181
179
176
175
172
169
169
167
166
163
162
161
157
156
155
154
153
150
149
147
145
144
143
140
140
137
135
138
134
132
130
130
127
128
127
128
125
124
121
121
120
120
119
118
115
113
114
114
112
110
110
109
109
106
108
104
105
105
104
103
103
102
100
101
100
100
99
98
97
97
98
96
97
96
96
95
93
93
93
93
92
92
92
90
90
90
90
89
89
89
87
87
88
88
87
86
86
86
85
84
84
83
84
83
84
83
85
84
84
83
82
81
81
82
81
79
80
80
81
82
81
80
79
80
80
79
80
80
79
80
78
78
79
78
79
78
78
78
77
77
77
78
78
78
78
76
78
77
77
77
77
78
79
77
77
77
77
78
78
79
78
77
78
78
80
78
78
78
79
79
79
80
80
79
81
82
80
82
81
82
83
83
82
85
85
85
85
86
86
88
86
87
89
88
89
90
91
91
91
93
94
95
95
96
97
96
98
99
100
100
102
103
105
105
106
108
109
109
112
113
114
116
115
118
119
121
122
124
126
128
128
130
133
134
136
137
138
142
142
144
148
148
151
151
154
156
158
161
165
166
168
168
171
175
176
180
182
184
187
188
190
194
197
196
202
205
206
209
211
215
216
220
219
224
226
227
232
233
235
238
237
242
245
245
249
252
254
256
255
259
262
264
265
269
268
273
272
275
275
278
280
283
285
284
287
290
291
294
295
298
299
300
304
304
309
310
310
313
314
315
319
321
321
323
326
330
333
332
334
338
340
343
345
348
348
350
355
358
358
361
364
366
369
368
373
378
379
384
385
386
391
391
398
401
402
405
408
410
413
419
425
426
428
432
431
435
442
445
447
452
454
459
466
469
470
476
480
482
488
487
491
495
498
504
510
512
515
522
525
529
532
539
544
548
552
559
565
567
570
577
582
587
590
594
597
608
610
618
620
624
627
636
638
649
650
655
665
669
671
681
685
693
697
698
699
707
713
720
727
731
736
742
748
754
763
771
772
774
780
786
787
793
795
802
806
812
818
824
828
828
831
836
839
845
850
852
856
858
863
863
865
871
875
879
881
886
880
891
890
891
896
898
900
896
896
906
904
909
908
909
908
908
910
912
908
908
908
909
910
908
913
909
905
900
897
899
896
895
889
886
892
879
882
871
876
870
862
861
856
851
849
839
837
828
819
813
806
801
792
784
784
778
770
763
755
747
745
732
727
717
709
697
696
687
681
673
663
653
650
640
631
626
619
613
602
599
586
581
578
571
565
558
554
546
539
533
526
523
521
512
505
502
496
491
487
480
477
473
469
465
462
460
453
449
447
443
440
440
437
433
431
428
423
421
422
419
419
415
416
414
415
411
410
411
410
408
407
409
411
408
410
406
407
409
408
408
410
410
412
412
411
413
416
418
421
420
419
420
426
423
426
427
429
428
427
415
399
399
419
437
441
447
448
450
451
451
456
460
461
463
463
467
470
472
472
474
477
479
482
483
487
487
487
491
492
494
494
497
498
502
506
506
504
506
509
508
511
513
511
513
515
515
520
516
518
519
520
521
522
524
525
524
526
522
527
527
525
524
524
524
525
525
525
525
524
521
523
523
523
521
522
518
516
517
517
515
517
514
513
510
513
511
506
509
509
503
500
501
501
496
494
496
495
492
491
488
484
484
481
479
478
477
476
474
471
469
470
463
463
458
456
453
453
447
448
443
442
441
439
439
434
429
429
424
422
419
417
413
411
406
408
405
401
397
397
393
389
387
383
381
376
372
372
370
367
363
359
359
357
352
350
346
345
341
339
336
333
330
326
327
323
320
320
314
312
311
307
304
300
299
298
292
291
289
287
285
282
279
278
274
270
269
265
263
261
261
255
251
249
246
246
241
238
238
234
232
232
230
227
226
221
217
216
213
211
211
206
203
201
200
197
196
191
190
189
185
182
183
178
176
174
170
169
167
166
162
161
159
159
156
155
154
149
142
133
130
132
135
137
136
135
134
133
134
130
129
130
126
126
122
125
121
119
120
119
117
115
114
114
113
111
109
108
107
107
105
104
104
103
102
100
99
99
97
96
95
95
94
93
91
92
91
90
89
89
88
87
86
86
85
84
83
83
82
81
83
81
80
79
77
79
76
76
76
76
76
74
75
74
74
72
73
72
72
72
72
71
70
71
71
71
70
69
68
69
67
67
66
66
64
65
65
65
66
65
64
65
65
63
62
63
64
63
62
62
60
61
61
61
60
61
60
61
60
60
59
60
60
59
60
60
59
57
58
58
58
58
57
57
58
57
56
55
57
57
57
56
54
56
55
56
55
56
54
55
54
55
55
54
54
55
54
54
54
54
54
53
55
54
53
54
53
53
53
52
53
53
53
53
51
52
52
52
51
51
51
53
52
52
52
52
51
52
52
52
51
52
52
52
52
52
51
52
51
52
51
52
51
52
52
52
52
51
51
53
51
52
51
52
51
51
51
52
52
51
51
52
51
52
51
51
52
52
51
52
52
51
52
51
51
51
51
52
51
51
51
52
52
52
52
53
51
51
51
52
52
52
51
50
52
50
52
52
51
51
52
52
52
52
52
52
52
51
53
52
53
53
52
52
53
52
52
53
53
52
53
53
53
52
52
52
51
53
53
52
52
53
52
53
54
52
53
52
51
52
53
53
53
54
52
52
52
53
51
51
50
52
52
53
53
54
53
53
53
54
53
54
53
53
54
53
54
53
52
54
52
53
54
54
54
54
53
53
53
53
54
53
54
53
54
53
53
53
53
53
53
52
52
53
54
52
53
52
53
52
53
52
53
52
52
52
53
53
53
53
54
52
53
52
54
52
51
50
49
50
49
48
49
50
52
53
51
52
52
51
52
52
52
52
52
52
51
53
51
52
51
51
50
51
50
51
49
50
51
50
50
51
49
51
50
51
50
50
50
52
49
50
49
50
50
50
49
50
52
49
49
50
49
49
49
47
48
49
48
49
48
48
48
47
48
48
47
48
46
48
47
47
47
47
46
46
46
46
46
45
46
46
46
46
47
47
46
45
46
45
46
45
45
46
45
46
45
44
45
45
45
44
45
45
45
44
44
45
43
45
44
44
44
44
44
43
45
44
44
43
44
42
42
44
43
41
43
42
43
42
43
43
41
42
41
42
42
41
43
41
41
41
41
42
42
40
41
41
40
39
39
40
40
41
41
41
40
40
40
41
41
41
40
40
41
40
40
42
41
41
40
39
40
41
40
41
40
40
40
40
42
41
40
40
40
40
41
40
40
41
40
40
40
42
40
40
40
39
40
41
40
40
39
41
41
40
39
39
39
39
40
40
40
40
40
39
39
40
39
41
41
40
40
40
40
40
41
40
41
40
41
40
40
40
40
40
40
40
40
40
40
39
39
40
40
40
40
39
40
40
40
40
40
40
40
40
40
40
41
41
40
39
40
40
40
40
40
40
40
41
40
40
40
41
40
39
39
40
39
39
39
40
39
39
39
40
41
39
40
41
40
40
40
40
41
40
39
40
39
40
40
40
40
40
41
40
39
39
39
39
40
40
40
40
40
41
40
41
40
41
40
40
40
40
39
41
40
40
40
40
41
41
40
39
40
40
40
40
41
40
40
39
40
40
40
40
40
40
40
40
41
40
40
40
40
40
41
40
41
41
40
40
41
40
39
41
39
39
40
40
40
39
39
40
41
41
40
41
40
39
40
40
40
41
40
40
40
40
41
40
40
40
40
40
40
41
40
41
40
40
41
41
40
41
40
40
40
40
41
40
40
40
40
41
41
40
40
41
41
40
40
41
40
40
40
38
40
39
40
40
40
41
41
40
42
41
41
40
40
40
41
41
40
41
41
41
41
40
40
41
40
40
41
41
41
41
41
41
40
41
41
41
42
40
40
41
40
41
41
41
41
39
41
41
42
40
41
41
40
40
41
41
40
41
42
41
41
41
41
41
40
39
41
41
41
41
41
41
41
42
42
41
41
41
40
42
41
41
41
41
41
41
41
41
40
40
41
41
41
42
42
41
41
41
41
41
41
41
41
42
41
42
42
42
41
42
41
41
42
41
42
41
41
42
42
42
41
42
42
42
41
42
41
43
41
42
42
42
42
42
42
41
42
41
42
42
42
42
41
42
42
43
41
42
42
42
42
41
42
42
42
43
42
42
43
42
43
42
42
42
42
43
42
43
42
43
42
43
43
42
42
43
43
42
42
42
42
41
42
43
43
43
42
43
42
43
42
44
42
43
42
43
43
42
43
43
43
41
43
42
43
43
42
43
43
42
43
42
42
42
43
43
43
43
43
43
41
43
43
42
42
43
43
43
43
43
42
43
43
42
43
43
44
44
43
43
42
43
43
42
43
43
43
43
43
44
44
43
43
44
42
43
43
44
44
43
44
43
42
42
42
43
43
43
43
44
44
43
43
44
44
43
43
43
43
43
43
44
43
43
43
43
44
43
43
43
42
43
44
43
44
44
44
42
43
42
42
44
43
43
43
43
43
44
44
42
43
44
45
45
41
43
43
42
44
44
44
42
44
43
43
44
44
44
43
43
43
42
44
43
43
44
43
43
42
44
43
44
43
43
43
43
43
43
43
43
43
43
43
43
43
43
43
43
43
43
44
43
43
43
43
43
43
43
42
43
43
44
44
45
43
45
43
43
42
44
44
42
43
42
43
42
44
43
43
43
42
43
43
44
43
43
42
43
44
42
42
44
44
44
43
43
43
43
42
42
43
42
43
44
42
43
44
43
45
43
43
43
43
42
43
43
43
43
43
43
43
43
44
43
43
43
42
43
43
43
43
42
43
42
42
42
42
41
43
43
42
42
43
43
43
42
42
44
43
43
42
42
42
42
43
42
42
42
42
42
42
42
42
43
42
41
43
42
43
41
42
42
43
42
41
41
42
43
42
43
42
42
42
42
43
43
42
41
42
41
42
42
41
42
42
42
42
43
42
42
42
42
42
42
42
42
41
42
42
42
43
41
42
42
42
41
41
41
42
43
42
42
41
42
42
42
41
42
41
41
42
42
41
41
42
42
42
42
42
42
42
42
40
42
42
41
42
40
42
42
41
42
42
42
42
41
41
42
41
42
42
40
42
42
42
41
40
42
41
41
42
42
42
41
41
41
41
42
40
41
41
41
41
41
42
41
42
40
42
41
39
41
41
41
42
41
41
41
40
41
41
40
42
41
40
41
39
41
41
41
41
41
42
39
40
40
41
40
41
39
41
40
41
41
42
41
40
40
42
41
39
41
41
41
40
40
40
41
41
41
40
41
40
41
41
41
41
41
41
41
41
40
41
41
40
41
41
41
40
42
40
41
41
40
40
41
41
43
39
40
40
40
39
40
41
41
41
40
40
40
34
25
25
25
25
26
25
25
