#Data from the TCD1304 linear CCD
#column 1 = pixelnumber,  column 2 = pixelvalue
#Pixel 1-32 and 3679-3694 and are dummy pixels
#SH-period: 9000    ICG-period: 900000    Integration time: 4500 us
1 4004 
2 4001 
3 4001 
4 3999 
5 4003 
6 4002 
7 4001 
8 4000 
9 4001 
10 4002 
11 4001 
12 4001 
13 4002 
14 4001 
15 4001 
16 4002 
17 4001 
18 4001 
19 4002 
20 4002 
21 4002 
22 4003 
23 4004 
24 4005 
25 4005 
26 4006 
27 4006 
28 4005 
29 4004 
30 4004 
31 4004 
32 4003 
33 3764 
34 3568 
35 3582 
36 3584 
37 3587 
38 3589 
39 3588 
40 3589 
41 3590 
42 3589 
43 3590 
44 3593 
45 3595 
46 3593 
47 3595 
48 3598 
49 3597 
50 3600 
51 3600 
52 3601 
53 3605 
54 3600 
55 3601 
56 3602 
57 3603 
58 3604 
59 3607 
60 3604 
61 3608 
62 3606 
63 3606 
64 3605 
65 3606 
66 3607 
67 3609 
68 3609 
69 3608 
70 3611 
71 3612 
72 3614 
73 3612 
74 3615 
75 3615 
76 3615 
77 3619 
78 3618 
79 3619 
80 3621 
81 3618 
82 3622 
83 3623 
84 3622 
85 3622 
86 3620 
87 3624 
88 3622 
89 3622 
90 3622 
91 3624 
92 3625 
93 3626 
94 3628 
95 3626 
96 3629 
97 3631 
98 3630 
99 3630 
100 3634 
101 3632 
102 3634 
103 3636 
104 3637 
105 3637 
106 3638 
107 3640 
108 3639 
109 3642 
110 3640 
111 3640 
112 3643 
113 3643 
114 3641 
115 3643 
116 3644 
117 3647 
118 3647 
119 3649 
120 3648 
121 3652 
122 3654 
123 3656 
124 3657 
125 3660 
126 3663 
127 3665 
128 3667 
129 3670 
130 3673 
131 3674 
132 3675 
133 3676 
134 3678 
135 3681 
136 3682 
137 3682 
138 3685 
139 3686 
140 3686 
141 3689 
142 3692 
143 3693 
144 3696 
145 3697 
146 3699 
147 3699 
148 3703 
149 3705 
150 3707 
151 3710 
152 3712 
153 3712 
154 3715 
155 3716 
156 3720 
157 3721 
158 3721 
159 3722 
160 3722 
161 3725 
162 3728 
163 3729 
164 3729 
165 3731 
166 3732 
167 3733 
168 3735 
169 3735 
170 3736 
171 3737 
172 3740 
173 3743 
174 3744 
175 3747 
176 3748 
177 3750 
178 3751 
179 3754 
180 3756 
181 3756 
182 3757 
183 3760 
184 3762 
185 3761 
186 3764 
187 3764 
188 3763 
189 3763 
190 3764 
191 3767 
192 3768 
193 3769 
194 3773 
195 3772 
196 3772 
197 3775 
198 3775 
199 3776 
200 3779 
201 3782 
202 3781 
203 3785 
204 3787 
205 3788 
206 3791 
207 3790 
208 3791 
209 3795 
210 3794 
211 3794 
212 3794 
213 3796 
214 3795 
215 3797 
216 3798 
217 3798 
218 3800 
219 3802 
220 3800 
221 3803 
222 3803 
223 3802 
224 3805 
225 3807 
226 3808 
227 3811 
228 3811 
229 3813 
230 3813 
231 3815 
232 3816 
233 3818 
234 3819 
235 3819 
236 3819 
237 3818 
238 3819 
239 3818 
240 3821 
241 3819 
242 3820 
243 3820 
244 3822 
245 3823 
246 3823 
247 3822 
248 3823 
249 3823 
250 3825 
251 3823 
252 3827 
253 3827 
254 3829 
255 3830 
256 3831 
257 3832 
258 3833 
259 3835 
260 3834 
261 3833 
262 3834 
263 3833 
264 3834 
265 3832 
266 3834 
267 3835 
268 3833 
269 3835 
270 3833 
271 3835 
272 3835 
273 3836 
274 3835 
275 3837 
276 3838 
277 3838 
278 3838 
279 3840 
280 3840 
281 3842 
282 3841 
283 3844 
284 3843 
285 3842 
286 3844 
287 3842 
288 3842 
289 3842 
290 3844 
291 3842 
292 3843 
293 3843 
294 3841 
295 3843 
296 3844 
297 3844 
298 3843 
299 3844 
300 3844 
301 3845 
302 3847 
303 3847 
304 3847 
305 3848 
306 3849 
307 3849 
308 3849 
309 3850 
310 3851 
311 3848 
312 3848 
313 3850 
314 3848 
315 3848 
316 3849 
317 3846 
318 3849 
319 3848 
320 3846 
321 3848 
322 3848 
323 3848 
324 3848 
325 3848 
326 3849 
327 3850 
328 3850 
329 3850 
330 3853 
331 3854 
332 3853 
333 3854 
334 3854 
335 3853 
336 3854 
337 3854 
338 3854 
339 3853 
340 3853 
341 3851 
342 3853 
343 3852 
344 3852 
345 3852 
346 3851 
347 3851 
348 3852 
349 3853 
350 3853 
351 3852 
352 3852 
353 3854 
354 3853 
355 3855 
356 3855 
357 3855 
358 3855 
359 3855 
360 3856 
361 3855 
362 3857 
363 3856 
364 3856 
365 3856 
366 3856 
367 3855 
368 3855 
369 3854 
370 3855 
371 3854 
372 3855 
373 3855 
374 3854 
375 3855 
376 3856 
377 3854 
378 3855 
379 3854 
380 3855 
381 3856 
382 3857 
383 3855 
384 3858 
385 3859 
386 3858 
387 3857 
388 3857 
389 3858 
390 3858 
391 3857 
392 3859 
393 3857 
394 3857 
395 3856 
396 3856 
397 3855 
398 3855 
399 3856 
400 3854 
401 3856 
402 3855 
403 3854 
404 3856 
405 3857 
406 3858 
407 3858 
408 3858 
409 3860 
410 3859 
411 3858 
412 3859 
413 3859 
414 3859 
415 3860 
416 3859 
417 3858 
418 3858 
419 3857 
420 3857 
421 3859 
422 3858 
423 3856 
424 3857 
425 3856 
426 3857 
427 3857 
428 3857 
429 3858 
430 3858 
431 3858 
432 3860 
433 3859 
434 3860 
435 3860 
436 3859 
437 3859 
438 3862 
439 3861 
440 3859 
441 3861 
442 3860 
443 3858 
444 3859 
445 3859 
446 3859 
447 3858 
448 3858 
449 3857 
450 3856 
451 3858 
452 3858 
453 3857 
454 3859 
455 3857 
456 3859 
457 3859 
458 3859 
459 3859 
460 3860 
461 3861 
462 3862 
463 3860 
464 3861 
465 3859 
466 3861 
467 3859 
468 3860 
469 3859 
470 3859 
471 3860 
472 3859 
473 3857 
474 3856 
475 3858 
476 3856 
477 3857 
478 3857 
479 3857 
480 3858 
481 3858 
482 3859 
483 3859 
484 3860 
485 3859 
486 3860 
487 3861 
488 3859 
489 3858 
490 3859 
491 3858 
492 3859 
493 3858 
494 3857 
495 3855 
496 3855 
497 3854 
498 3854 
499 3854 
500 3853 
501 3852 
502 3853 
503 3850 
504 3851 
505 3850 
506 3852 
507 3851 
508 3850 
509 3850 
510 3848 
511 3847 
512 3844 
513 3843 
514 3843 
515 3839 
516 3836 
517 3831 
518 3827 
519 3818 
520 3812 
521 3801 
522 3794 
523 3781 
524 3767 
525 3753 
526 3737 
527 3719 
528 3701 
529 3683 
530 3663 
531 3642 
532 3617 
533 3596 
534 3570 
535 3545 
536 3515 
537 3490 
538 3456 
539 3427 
540 3396 
541 3364 
542 3330 
543 3296 
544 3261 
545 3228 
546 3194 
547 3153 
548 3115 
549 3081 
550 3040 
551 3005 
552 2962 
553 2925 
554 2883 
555 2843 
556 2794 
557 2761 
558 2713 
559 2668 
560 2634 
561 2590 
562 2548 
563 2507 
564 2457 
565 2424 
566 2376 
567 2334 
568 2284 
569 2253 
570 2210 
571 2180 
572 2147 
573 2113 
574 2092 
575 2070 
576 2053 
577 2039 
578 2027 
579 2017 
580 2008 
581 2003 
582 1997 
583 1992 
584 1988 
585 1984 
586 1981 
587 1978 
588 1975 
589 1973 
590 1970 
591 1968 
592 1966 
593 1965 
594 1962 
595 1961 
596 1958 
597 1956 
598 1954 
599 1953 
600 1951 
601 1950 
602 1948 
603 1947 
604 1946 
605 1945 
606 1944 
607 1944 
608 1943 
609 1943 
610 1942 
611 1942 
612 1941 
613 1940 
614 1940 
615 1939 
616 1939 
617 1938 
618 1938 
619 1937 
620 1936 
621 1935 
622 1934 
623 1933 
624 1932 
625 1931 
626 1930 
627 1930 
628 1929 
629 1929 
630 1928 
631 1928 
632 1927 
633 1927 
634 1927 
635 1927 
636 1927 
637 1927 
638 1927 
639 1926 
640 1926 
641 1926 
642 1926 
643 1926 
644 1925 
645 1924 
646 1924 
647 1923 
648 1922 
649 1921 
650 1921 
651 1920 
652 1919 
653 1919 
654 1919 
655 1919 
656 1919 
657 1918 
658 1917 
659 1918 
660 1918 
661 1918 
662 1918 
663 1919 
664 1918 
665 1918 
666 1918 
667 1918 
668 1918 
669 1918 
670 1918 
671 1917 
672 1916 
673 1915 
674 1915 
675 1914 
676 1913 
677 1913 
678 1913 
679 1912 
680 1912 
681 1912 
682 1912 
683 1911 
684 1912 
685 1912 
686 1912 
687 1912 
688 1912 
689 1912 
690 1912 
691 1912 
692 1912 
693 1912 
694 1913 
695 1913 
696 1912 
697 1911 
698 1911 
699 1910 
700 1910 
701 1909 
702 1908 
703 1907 
704 1907 
705 1907 
706 1907 
707 1908 
708 1907 
709 1907 
710 1907 
711 1907 
712 1908 
713 1908 
714 1908 
715 1907 
716 1908 
717 1907 
718 1909 
719 1908 
720 1908 
721 1908 
722 1908 
723 1907 
724 1907 
725 1906 
726 1906 
727 1905 
728 1904 
729 1904 
730 1904 
731 1904 
732 1903 
733 1904 
734 1904 
735 1903 
736 1903 
737 1904 
738 1904 
739 1904 
740 1904 
741 1904 
742 1904 
743 1904 
744 1905 
745 1905 
746 1905 
747 1905 
748 1904 
749 1903 
750 1902 
751 1903 
752 1902 
753 1901 
754 1901 
755 1900 
756 1900 
757 1900 
758 1900 
759 1900 
760 1900 
761 1900 
762 1900 
763 1900 
764 1901 
765 1901 
766 1901 
767 1901 
768 1901 
769 1902 
770 1902 
771 1902 
772 1902 
773 1902 
774 1901 
775 1900 
776 1900 
777 1899 
778 1899 
779 1898 
780 1898 
781 1898 
782 1898 
783 1897 
784 1897 
785 1897 
786 1898 
787 1898 
788 1898 
789 1898 
790 1899 
791 1899 
792 1899 
793 1898 
794 1898 
795 1899 
796 1899 
797 1899 
798 1899 
799 1899 
800 1898 
801 1898 
802 1897 
803 1897 
804 1897 
805 1896 
806 1896 
807 1895 
808 1895 
809 1895 
810 1895 
811 1895 
812 1896 
813 1896 
814 1896 
815 1896 
816 1897 
817 1897 
818 1897 
819 1897 
820 1897 
821 1897 
822 1897 
823 1897 
824 1897 
825 1897 
826 1897 
827 1895 
828 1895 
829 1895 
830 1895 
831 1894 
832 1894 
833 1893 
834 1893 
835 1893 
836 1893 
837 1893 
838 1895 
839 1895 
840 1894 
841 1895 
842 1895 
843 1895 
844 1895 
845 1896 
846 1895 
847 1895 
848 1895 
849 1895 
850 1912 
851 1975 
852 2218 
853 2279 
854 2290 
855 2315 
856 2719 
857 2920 
858 3340 
859 3544 
860 3694 
861 3765 
862 3871 
863 3872 
864 3870 
865 3870 
866 3870 
867 3869 
868 3871 
869 3868 
870 3870 
871 3871 
872 3871 
873 3872 
874 3873 
875 3874 
876 3873 
877 3874 
878 3873 
879 3871 
880 3872 
881 3873 
882 3872 
883 3871 
884 3871 
885 3871 
886 3871 
887 3872 
888 3872 
889 3873 
890 3873 
891 3874 
892 3874 
893 3874 
894 3875 
895 3876 
896 3876 
897 3876 
898 3874 
899 3876 
900 3876 
901 3875 
902 3875 
903 3875 
904 3874 
905 3872 
906 3873 
907 3874 
908 3875 
909 3873 
910 3873 
911 3873 
912 3873 
913 3870 
914 3870 
915 3868 
916 3867 
917 3859 
918 3852 
919 3843 
920 3832 
921 3816 
922 3802 
923 3785 
924 3772 
925 3755 
926 3744 
927 3733 
928 3723 
929 3716 
930 3704 
931 3697 
932 3693 
933 3695 
934 3696 
935 3699 
936 3704 
937 3710 
938 3713 
939 3722 
940 3725 
941 3729 
942 3731 
943 3733 
944 3735 
945 3736 
946 3739 
947 3738 
948 3739 
949 3738 
950 3738 
951 3740 
952 3739 
953 3741 
954 3738 
955 3737 
956 3735 
957 3736 
958 3736 
959 3735 
960 3734 
961 3733 
962 3731 
963 3728 
964 3729 
965 3730 
966 3728 
967 3726 
968 3728 
969 3728 
970 3727 
971 3724 
972 3724 
973 3724 
974 3722 
975 3721 
976 3717 
977 3716 
978 3715 
979 3714 
980 3711 
981 3709 
982 3708 
983 3705 
984 3702 
985 3701 
986 3698 
987 3697 
988 3693 
989 3690 
990 3690 
991 3685 
992 3684 
993 3685 
994 3684 
995 3683 
996 3681 
997 3679 
998 3677 
999 3674 
1000 3671 
1001 3669 
1002 3666 
1003 3663 
1004 3657 
1005 3654 
1006 3653 
1007 3649 
1008 3648 
1009 3642 
1010 3637 
1011 3638 
1012 3633 
1013 3630 
1014 3626 
1015 3625 
1016 3620 
1017 3617 
1018 3615 
1019 3612 
1020 3609 
1021 3603 
1022 3601 
1023 3598 
1024 3593 
1025 3591 
1026 3585 
1027 3582 
1028 3576 
1029 3571 
1030 3564 
1031 3562 
1032 3557 
1033 3551 
1034 3542 
1035 3539 
1036 3530 
1037 3525 
1038 3520 
1039 3513 
1040 3506 
1041 3502 
1042 3498 
1043 3492 
1044 3483 
1045 3481 
1046 3475 
1047 3466 
1048 3461 
1049 3453 
1050 3448 
1051 3438 
1052 3431 
1053 3420 
1054 3415 
1055 3405 
1056 3398 
1057 3390 
1058 3382 
1059 3377 
1060 3365 
1061 3359 
1062 3347 
1063 3335 
1064 3326 
1065 3322 
1066 3311 
1067 3302 
1068 3298 
1069 3288 
1070 3276 
1071 3271 
1072 3261 
1073 3252 
1074 3243 
1075 3231 
1076 3221 
1077 3207 
1078 3199 
1079 3186 
1080 3171 
1081 3163 
1082 3151 
1083 3141 
1084 3122 
1085 3115 
1086 3101 
1087 3091 
1088 3079 
1089 3067 
1090 3056 
1091 3036 
1092 3027 
1093 3014 
1094 3003 
1095 2986 
1096 2972 
1097 2958 
1098 2947 
1099 2930 
1100 2918 
1101 2897 
1102 2885 
1103 2870 
1104 2856 
1105 2837 
1106 2819 
1107 2800 
1108 2788 
1109 2771 
1110 2754 
1111 2741 
1112 2724 
1113 2711 
1114 2707 
1115 2698 
1116 2681 
1117 2676 
1118 2664 
1119 2657 
1120 2647 
1121 2635 
1122 2634 
1123 2631 
1124 2633 
1125 2626 
1126 2624 
1127 2617 
1128 2610 
1129 2611 
1130 2603 
1131 2591 
1132 2585 
1133 2572 
1134 2566 
1135 2558 
1136 2551 
1137 2536 
1138 2529 
1139 2522 
1140 2513 
1141 2506 
1142 2508 
1143 2501 
1144 2501 
1145 2504 
1146 2509 
1147 2512 
1148 2522 
1149 2517 
1150 2526 
1151 2539 
1152 2541 
1153 2548 
1154 2556 
1155 2562 
1156 2563 
1157 2574 
1158 2575 
1159 2576 
1160 2579 
1161 2573 
1162 2569 
1163 2567 
1164 2559 
1165 2552 
1166 2555 
1167 2548 
1168 2545 
1169 2535 
1170 2531 
1171 2528 
1172 2530 
1173 2523 
1174 2518 
1175 2516 
1176 2516 
1177 2509 
1178 2503 
1179 2496 
1180 2494 
1181 2484 
1182 2478 
1183 2464 
1184 2461 
1185 2442 
1186 2435 
1187 2420 
1188 2413 
1189 2395 
1190 2389 
1191 2384 
1192 2399 
1193 2393 
1194 2407 
1195 2411 
1196 2433 
1197 2447 
1198 2464 
1199 2476 
1200 2507 
1201 2516 
1202 2558 
1203 2584 
1204 2623 
1205 2655 
1206 2707 
1207 2742 
1208 2794 
1209 2832 
1210 2889 
1211 2925 
1212 2973 
1213 3015 
1214 3064 
1215 3098 
1216 3141 
1217 3170 
1218 3215 
1219 3247 
1220 3277 
1221 3301 
1222 3336 
1223 3355 
1224 3377 
1225 3391 
1226 3411 
1227 3417 
1228 3431 
1229 3438 
1230 3445 
1231 3449 
1232 3459 
1233 3463 
1234 3472 
1235 3475 
1236 3482 
1237 3486 
1238 3492 
1239 3496 
1240 3502 
1241 3503 
1242 3508 
1243 3510 
1244 3514 
1245 3514 
1246 3517 
1247 3519 
1248 3521 
1249 3522 
1250 3524 
1251 3529 
1252 3529 
1253 3528 
1254 3530 
1255 3532 
1256 3536 
1257 3534 
1258 3538 
1259 3539 
1260 3541 
1261 3540 
1262 3543 
1263 3545 
1264 3548 
1265 3549 
1266 3553 
1267 3553 
1268 3557 
1269 3558 
1270 3558 
1271 3559 
1272 3557 
1273 3560 
1274 3562 
1275 3562 
1276 3563 
1277 3565 
1278 3562 
1279 3567 
1280 3566 
1281 3565 
1282 3565 
1283 3568 
1284 3570 
1285 3569 
1286 3570 
1287 3571 
1288 3573 
1289 3574 
1290 3575 
1291 3576 
1292 3580 
1293 3581 
1294 3584 
1295 3583 
1296 3586 
1297 3586 
1298 3587 
1299 3590 
1300 3593 
1301 3592 
1302 3593 
1303 3595 
1304 3596 
1305 3600 
1306 3598 
1307 3599 
1308 3601 
1309 3599 
1310 3605 
1311 3606 
1312 3605 
1313 3607 
1314 3608 
1315 3611 
1316 3612 
1317 3614 
1318 3615 
1319 3616 
1320 3619 
1321 3619 
1322 3620 
1323 3620 
1324 3620 
1325 3623 
1326 3625 
1327 3628 
1328 3629 
1329 3630 
1330 3631 
1331 3630 
1332 3633 
1333 3634 
1334 3633 
1335 3633 
1336 3636 
1337 3634 
1338 3635 
1339 3635 
1340 3634 
1341 3636 
1342 3637 
1343 3639 
1344 3638 
1345 3640 
1346 3638 
1347 3641 
1348 3643 
1349 3641 
1350 3642 
1351 3642 
1352 3641 
1353 3644 
1354 3643 
1355 3644 
1356 3644 
1357 3644 
1358 3644 
1359 3641 
1360 3639 
1361 3636 
1362 3632 
1363 3633 
1364 3630 
1365 3627 
1366 3625 
1367 3620 
1368 3620 
1369 3615 
1370 3612 
1371 3609 
1372 3608 
1373 3603 
1374 3601 
1375 3597 
1376 3595 
1377 3591 
1378 3588 
1379 3583 
1380 3581 
1381 3580 
1382 3575 
1383 3574 
1384 3569 
1385 3562 
1386 3561 
1387 3557 
1388 3552 
1389 3549 
1390 3544 
1391 3541 
1392 3539 
1393 3534 
1394 3531 
1395 3526 
1396 3526 
1397 3522 
1398 3518 
1399 3514 
1400 3514 
1401 3509 
1402 3511 
1403 3506 
1404 3502 
1405 3501 
1406 3502 
1407 3499 
1408 3495 
1409 3497 
1410 3497 
1411 3493 
1412 3493 
1413 3488 
1414 3487 
1415 3481 
1416 3484 
1417 3479 
1418 3477 
1419 3471 
1420 3470 
1421 3471 
1422 3468 
1423 3467 
1424 3467 
1425 3461 
1426 3460 
1427 3458 
1428 3458 
1429 3456 
1430 3453 
1431 3451 
1432 3449 
1433 3448 
1434 3445 
1435 3443 
1436 3443 
1437 3440 
1438 3435 
1439 3435 
1440 3434 
1441 3430 
1442 3429 
1443 3426 
1444 3424 
1445 3421 
1446 3419 
1447 3417 
1448 3414 
1449 3413 
1450 3412 
1451 3406 
1452 3405 
1453 3404 
1454 3402 
1455 3396 
1456 3395 
1457 3391 
1458 3390 
1459 3391 
1460 3391 
1461 3387 
1462 3383 
1463 3381 
1464 3383 
1465 3377 
1466 3384 
1467 3380 
1468 3378 
1469 3377 
1470 3376 
1471 3373 
1472 3375 
1473 3374 
1474 3372 
1475 3367 
1476 3364 
1477 3361 
1478 3361 
1479 3358 
1480 3356 
1481 3350 
1482 3350 
1483 3342 
1484 3337 
1485 3332 
1486 3330 
1487 3323 
1488 3323 
1489 3314 
1490 3315 
1491 3310 
1492 3308 
1493 3305 
1494 3302 
1495 3296 
1496 3294 
1497 3291 
1498 3292 
1499 3287 
1500 3287 
1501 3282 
1502 3280 
1503 3275 
1504 3275 
1505 3272 
1506 3273 
1507 3268 
1508 3263 
1509 3262 
1510 3262 
1511 3254 
1512 3254 
1513 3249 
1514 3244 
1515 3242 
1516 3235 
1517 3235 
1518 3227 
1519 3219 
1520 3216 
1521 3201 
1522 3196 
1523 3186 
1524 3178 
1525 3170 
1526 3161 
1527 3150 
1528 3137 
1529 3127 
1530 3122 
1531 3112 
1532 3105 
1533 3094 
1534 3093 
1535 3081 
1536 3074 
1537 3064 
1538 3059 
1539 3053 
1540 3049 
1541 3043 
1542 3040 
1543 3037 
1544 3037 
1545 3035 
1546 3033 
1547 3026 
1548 3027 
1549 3026 
1550 3026 
1551 3025 
1552 3025 
1553 3031 
1554 3030 
1555 3033 
1556 3043 
1557 3047 
1558 3047 
1559 3057 
1560 3061 
1561 3070 
1562 3080 
1563 3087 
1564 3096 
1565 3097 
1566 3101 
1567 3106 
1568 3108 
1569 3107 
1570 3110 
1571 3116 
1572 3116 
1573 3120 
1574 3123 
1575 3127 
1576 3129 
1577 3135 
1578 3143 
1579 3145 
1580 3152 
1581 3150 
1582 3153 
1583 3158 
1584 3162 
1585 3162 
1586 3169 
1587 3173 
1588 3179 
1589 3179 
1590 3182 
1591 3186 
1592 3190 
1593 3189 
1594 3196 
1595 3198 
1596 3204 
1597 3206 
1598 3212 
1599 3216 
1600 3221 
1601 3222 
1602 3228 
1603 3230 
1604 3239 
1605 3244 
1606 3253 
1607 3254 
1608 3259 
1609 3267 
1610 3276 
1611 3282 
1612 3288 
1613 3295 
1614 3302 
1615 3305 
1616 3317 
1617 3321 
1618 3331 
1619 3337 
1620 3342 
1621 3352 
1622 3364 
1623 3375 
1624 3385 
1625 3394 
1626 3413 
1627 3425 
1628 3443 
1629 3460 
1630 3479 
1631 3499 
1632 3520 
1633 3540 
1634 3559 
1635 3578 
1636 3595 
1637 3610 
1638 3622 
1639 3632 
1640 3635 
1641 3640 
1642 3644 
1643 3645 
1644 3645 
1645 3641 
1646 3640 
1647 3638 
1648 3637 
1649 3637 
1650 3634 
1651 3633 
1652 3631 
1653 3630 
1654 3630 
1655 3627 
1656 3627 
1657 3626 
1658 3623 
1659 3621 
1660 3622 
1661 3622 
1662 3620 
1663 3618 
1664 3621 
1665 3617 
1666 3613 
1667 3612 
1668 3610 
1669 3607 
1670 3607 
1671 3601 
1672 3602 
1673 3598 
1674 3599 
1675 3595 
1676 3593 
1677 3591 
1678 3590 
1679 3587 
1680 3588 
1681 3587 
1682 3584 
1683 3584 
1684 3581 
1685 3579 
1686 3576 
1687 3571 
1688 3573 
1689 3571 
1690 3569 
1691 3565 
1692 3563 
1693 3558 
1694 3552 
1695 3550 
1696 3549 
1697 3546 
1698 3543 
1699 3538 
1700 3538 
1701 3533 
1702 3530 
1703 3529 
1704 3528 
1705 3523 
1706 3525 
1707 3520 
1708 3519 
1709 3514 
1710 3513 
1711 3509 
1712 3507 
1713 3505 
1714 3504 
1715 3497 
1716 3497 
1717 3493 
1718 3487 
1719 3485 
1720 3482 
1721 3477 
1722 3477 
1723 3472 
1724 3469 
1725 3465 
1726 3464 
1727 3460 
1728 3460 
1729 3455 
1730 3455 
1731 3452 
1732 3450 
1733 3452 
1734 3451 
1735 3445 
1736 3448 
1737 3447 
1738 3451 
1739 3447 
1740 3448 
1741 3450 
1742 3447 
1743 3443 
1744 3445 
1745 3442 
1746 3444 
1747 3441 
1748 3444 
1749 3438 
1750 3443 
1751 3443 
1752 3441 
1753 3438 
1754 3441 
1755 3442 
1756 3444 
1757 3448 
1758 3450 
1759 3448 
1760 3455 
1761 3454 
1762 3458 
1763 3457 
1764 3465 
1765 3467 
1766 3468 
1767 3466 
1768 3473 
1769 3465 
1770 3468 
1771 3464 
1772 3462 
1773 3458 
1774 3454 
1775 3449 
1776 3442 
1777 3431 
1778 3427 
1779 3417 
1780 3412 
1781 3394 
1782 3386 
1783 3362 
1784 3353 
1785 3330 
1786 3309 
1787 3290 
1788 3261 
1789 3233 
1790 3207 
1791 3170 
1792 3140 
1793 3099 
1794 3065 
1795 3038 
1796 3010 
1797 2976 
1798 2957 
1799 2932 
1800 2912 
1801 2895 
1802 2878 
1803 2863 
1804 2855 
1805 2840 
1806 2825 
1807 2816 
1808 2813 
1809 2796 
1810 2787 
1811 2775 
1812 2775 
1813 2760 
1814 2748 
1815 2744 
1816 2733 
1817 2730 
1818 2727 
1819 2708 
1820 2711 
1821 2707 
1822 2690 
1823 2689 
1824 2691 
1825 2678 
1826 2683 
1827 2675 
1828 2675 
1829 2669 
1830 2669 
1831 2670 
1832 2665 
1833 2666 
1834 2663 
1835 2662 
1836 2663 
1837 2658 
1838 2663 
1839 2670 
1840 2666 
1841 2659 
1842 2672 
1843 2667 
1844 2673 
1845 2674 
1846 2665 
1847 2676 
1848 2675 
1849 2669 
1850 2676 
1851 2674 
1852 2680 
1853 2675 
1854 2684 
1855 2683 
1856 2691 
1857 2687 
1858 2698 
1859 2689 
1860 2697 
1861 2701 
1862 2704 
1863 2709 
1864 2717 
1865 2722 
1866 2726 
1867 2731 
1868 2732 
1869 2738 
1870 2741 
1871 2745 
1872 2750 
1873 2738 
1874 2759 
1875 2761 
1876 2757 
1877 2769 
1878 2772 
1879 2778 
1880 2785 
1881 2795 
1882 2808 
1883 2811 
1884 2821 
1885 2827 
1886 2840 
1887 2855 
1888 2870 
1889 2880 
1890 2897 
1891 2908 
1892 2931 
1893 2944 
1894 2959 
1895 2979 
1896 3001 
1897 3017 
1898 3044 
1899 3058 
1900 3088 
1901 3113 
1902 3138 
1903 3162 
1904 3186 
1905 3218 
1906 3250 
1907 3279 
1908 3309 
1909 3336 
1910 3361 
1911 3389 
1912 3416 
1913 3435 
1914 3458 
1915 3478 
1916 3500 
1917 3517 
1918 3536 
1919 3554 
1920 3573 
1921 3591 
1922 3607 
1923 3620 
1924 3634 
1925 3646 
1926 3654 
1927 3659 
1928 3669 
1929 3672 
1930 3675 
1931 3675 
1932 3677 
1933 3675 
1934 3681 
1935 3678 
1936 3679 
1937 3681 
1938 3681 
1939 3681 
1940 3681 
1941 3683 
1942 3687 
1943 3688 
1944 3690 
1945 3690 
1946 3700 
1947 3706 
1948 3711 
1949 3703 
1950 3699 
1951 3706 
1952 3713 
1953 3717 
1954 3714 
1955 3701 
1956 3701 
1957 3701 
1958 3703 
1959 3703 
1960 3705 
1961 3708 
1962 3708 
1963 3711 
1964 3713 
1965 3715 
1966 3717 
1967 3719 
1968 3723 
1969 3724 
1970 3728 
1971 3731 
1972 3732 
1973 3737 
1974 3739 
1975 3741 
1976 3747 
1977 3746 
1978 3749 
1979 3750 
1980 3755 
1981 3760 
1982 3763 
1983 3767 
1984 3770 
1985 3774 
1986 3779 
1987 3783 
1988 3788 
1989 3794 
1990 3798 
1991 3804 
1992 3809 
1993 3814 
1994 3820 
1995 3827 
1996 3833 
1997 3836 
1998 3843 
1999 3849 
2000 3855 
2001 3859 
2002 3862 
2003 3866 
2004 3871 
2005 3874 
2006 3878 
2007 3882 
2008 3886 
2009 3889 
2010 3891 
2011 3894 
2012 3899 
2013 3900 
2014 3903 
2015 3905 
2016 3906 
2017 3908 
2018 3909 
2019 3909 
2020 3911 
2021 3913 
2022 3912 
2023 3912 
2024 3912 
2025 3913 
2026 3913 
2027 3914 
2028 3913 
2029 3912 
2030 3913 
2031 3913 
2032 3913 
2033 3912 
2034 3912 
2035 3912 
2036 3912 
2037 3912 
2038 3914 
2039 3913 
2040 3914 
2041 3913 
2042 3914 
2043 3914 
2044 3914 
2045 3915 
2046 3917 
2047 3915 
2048 3915 
2049 3917 
2050 3917 
2051 3915 
2052 3918 
2053 3917 
2054 3917 
2055 3915 
2056 3916 
2057 3916 
2058 3915 
2059 3915 
2060 3916 
2061 3915 
2062 3916 
2063 3916 
2064 3916 
2065 3916 
2066 3917 
2067 3916 
2068 3916 
2069 3917 
2070 3918 
2071 3919 
2072 3918 
2073 3919 
2074 3919 
2075 3918 
2076 3919 
2077 3920 
2078 3919 
2079 3918 
2080 3919 
2081 3919 
2082 3917 
2083 3917 
2084 3917 
2085 3918 
2086 3918 
2087 3918 
2088 3918 
2089 3918 
2090 3917 
2091 3919 
2092 3918 
2093 3917 
2094 3917 
2095 3917 
2096 3918 
2097 3918 
2098 3916 
2099 3916 
2100 3917 
2101 3917 
2102 3916 
2103 3915 
2104 3914 
2105 3913 
2106 3912 
2107 3911 
2108 3908 
2109 3907 
2110 3907 
2111 3905 
2112 3905 
2113 3904 
2114 3900 
2115 3900 
2116 3900 
2117 3899 
2118 3899 
2119 3897 
2120 3897 
2121 3895 
2122 3895 
2123 3896 
2124 3895 
2125 3896 
2126 3896 
2127 3895 
2128 3896 
2129 3898 
2130 3895 
2131 3896 
2132 3895 
2133 3894 
2134 3893 
2135 3893 
2136 3892 
2137 3892 
2138 3893 
2139 3891 
2140 3891 
2141 3891 
2142 3891 
2143 3892 
2144 3890 
2145 3890 
2146 3890 
2147 3891 
2148 3891 
2149 3891 
2150 3890 
2151 3892 
2152 3889 
2153 3891 
2154 3889 
2155 3891 
2156 3888 
2157 3888 
2158 3889 
2159 3888 
2160 3887 
2161 3886 
2162 3885 
2163 3886 
2164 3885 
2165 3885 
2166 3886 
2167 3883 
2168 3885 
2169 3884 
2170 3883 
2171 3885 
2172 3884 
2173 3884 
2174 3884 
2175 3885 
2176 3885 
2177 3887 
2178 3886 
2179 3885 
2180 3886 
2181 3885 
2182 3885 
2183 3883 
2184 3881 
2185 3881 
2186 3880 
2187 3879 
2188 3878 
2189 3881 
2190 3879 
2191 3880 
2192 3880 
2193 3879 
2194 3879 
2195 3878 
2196 3878 
2197 3880 
2198 3877 
2199 3878 
2200 3877 
2201 3878 
2202 3878 
2203 3878 
2204 3878 
2205 3877 
2206 3877 
2207 3876 
2208 3876 
2209 3873 
2210 3873 
2211 3872 
2212 3872 
2213 3871 
2214 3871 
2215 3871 
2216 3872 
2217 3871 
2218 3868 
2219 3870 
2220 3870 
2221 3869 
2222 3871 
2223 3870 
2224 3869 
2225 3869 
2226 3871 
2227 3871 
2228 3871 
2229 3870 
2230 3870 
2231 3870 
2232 3870 
2233 3870 
2234 3870 
2235 3868 
2236 3868 
2237 3866 
2238 3867 
2239 3866 
2240 3866 
2241 3866 
2242 3864 
2243 3866 
2244 3866 
2245 3868 
2246 3867 
2247 3867 
2248 3866 
2249 3866 
2250 3865 
2251 3865 
2252 3868 
2253 3866 
2254 3869 
2255 3871 
2256 3871 
2257 3870 
2258 3870 
2259 3868 
2260 3868 
2261 3869 
2262 3866 
2263 3866 
2264 3866 
2265 3866 
2266 3864 
2267 3866 
2268 3866 
2269 3864 
2270 3865 
2271 3865 
2272 3865 
2273 3865 
2274 3864 
2275 3865 
2276 3864 
2277 3863 
2278 3865 
2279 3864 
2280 3866 
2281 3866 
2282 3865 
2283 3862 
2284 3862 
2285 3861 
2286 3863 
2287 3861 
2288 3860 
2289 3858 
2290 3860 
2291 3858 
2292 3859 
2293 3859 
2294 3860 
2295 3859 
2296 3859 
2297 3860 
2298 3861 
2299 3861 
2300 3863 
2301 3863 
2302 3862 
2303 3861 
2304 3861 
2305 3860 
2306 3862 
2307 3861 
2308 3862 
2309 3862 
2310 3861 
2311 3861 
2312 3860 
2313 3861 
2314 3860 
2315 3861 
2316 3860 
2317 3860 
2318 3860 
2319 3860 
2320 3860 
2321 3861 
2322 3860 
2323 3860 
2324 3860 
2325 3863 
2326 3862 
2327 3861 
2328 3862 
2329 3860 
2330 3861 
2331 3862 
2332 3861 
2333 3864 
2334 3862 
2335 3863 
2336 3861 
2337 3861 
2338 3862 
2339 3861 
2340 3861 
2341 3860 
2342 3861 
2343 3861 
2344 3861 
2345 3861 
2346 3862 
2347 3862 
2348 3861 
2349 3862 
2350 3861 
2351 3862 
2352 3863 
2353 3861 
2354 3864 
2355 3863 
2356 3864 
2357 3864 
2358 3863 
2359 3864 
2360 3865 
2361 3863 
2362 3865 
2363 3864 
2364 3864 
2365 3863 
2366 3861 
2367 3862 
2368 3861 
2369 3861 
2370 3862 
2371 3864 
2372 3865 
2373 3863 
2374 3864 
2375 3863 
2376 3863 
2377 3864 
2378 3866 
2379 3866 
2380 3864 
2381 3866 
2382 3867 
2383 3866 
2384 3867 
2385 3866 
2386 3867 
2387 3866 
2388 3866 
2389 3864 
2390 3865 
2391 3864 
2392 3863 
2393 3863 
2394 3863 
2395 3863 
2396 3865 
2397 3864 
2398 3865 
2399 3864 
2400 3864 
2401 3865 
2402 3865 
2403 3865 
2404 3866 
2405 3866 
2406 3865 
2407 3865 
2408 3866 
2409 3865 
2410 3865 
2411 3865 
2412 3865 
2413 3865 
2414 3867 
2415 3864 
2416 3863 
2417 3864 
2418 3864 
2419 3863 
2420 3863 
2421 3864 
2422 3863 
2423 3865 
2424 3864 
2425 3865 
2426 3864 
2427 3865 
2428 3865 
2429 3866 
2430 3865 
2431 3865 
2432 3865 
2433 3864 
2434 3867 
2435 3867 
2436 3867 
2437 3866 
2438 3865 
2439 3866 
2440 3865 
2441 3865 
2442 3864 
2443 3866 
2444 3864 
2445 3865 
2446 3867 
2447 3869 
2448 3866 
2449 3865 
2450 3866 
2451 3865 
2452 3865 
2453 3865 
2454 3864 
2455 3865 
2456 3865 
2457 3865 
2458 3866 
2459 3868 
2460 3866 
2461 3866 
2462 3866 
2463 3867 
2464 3867 
2465 3865 
2466 3865 
2467 3865 
2468 3864 
2469 3864 
2470 3864 
2471 3865 
2472 3864 
2473 3865 
2474 3864 
2475 3865 
2476 3867 
2477 3866 
2478 3867 
2479 3866 
2480 3865 
2481 3866 
2482 3867 
2483 3867 
2484 3867 
2485 3867 
2486 3869 
2487 3872 
2488 3873 
2489 3872 
2490 3868 
2491 3865 
2492 3865 
2493 3865 
2494 3863 
2495 3863 
2496 3864 
2497 3865 
2498 3868 
2499 3871 
2500 3871 
2501 3869 
2502 3866 
2503 3867 
2504 3864 
2505 3865 
2506 3865 
2507 3866 
2508 3866 
2509 3867 
2510 3865 
2511 3866 
2512 3867 
2513 3867 
2514 3866 
2515 3868 
2516 3867 
2517 3866 
2518 3865 
2519 3865 
2520 3865 
2521 3864 
2522 3866 
2523 3864 
2524 3864 
2525 3865 
2526 3864 
2527 3864 
2528 3866 
2529 3865 
2530 3864 
2531 3866 
2532 3866 
2533 3865 
2534 3867 
2535 3867 
2536 3867 
2537 3867 
2538 3868 
2539 3868 
2540 3865 
2541 3867 
2542 3866 
2543 3865 
2544 3865 
2545 3864 
2546 3866 
2547 3866 
2548 3866 
2549 3865 
2550 3864 
2551 3864 
2552 3865 
2553 3865 
2554 3865 
2555 3864 
2556 3864 
2557 3865 
2558 3865 
2559 3864 
2560 3865 
2561 3866 
2562 3865 
2563 3867 
2564 3865 
2565 3864 
2566 3863 
2567 3866 
2568 3864 
2569 3864 
2570 3863 
2571 3862 
2572 3862 
2573 3862 
2574 3863 
2575 3861 
2576 3863 
2577 3862 
2578 3864 
2579 3864 
2580 3863 
2581 3863 
2582 3864 
2583 3864 
2584 3864 
2585 3866 
2586 3865 
2587 3865 
2588 3865 
2589 3865 
2590 3865 
2591 3865 
2592 3864 
2593 3865 
2594 3866 
2595 3864 
2596 3864 
2597 3865 
2598 3865 
2599 3864 
2600 3864 
2601 3864 
2602 3864 
2603 3864 
2604 3862 
2605 3862 
2606 3863 
2607 3863 
2608 3862 
2609 3864 
2610 3863 
2611 3864 
2612 3864 
2613 3865 
2614 3864 
2615 3864 
2616 3864 
2617 3863 
2618 3863 
2619 3863 
2620 3862 
2621 3862 
2622 3861 
2623 3862 
2624 3861 
2625 3863 
2626 3863 
2627 3863 
2628 3864 
2629 3861 
2630 3862 
2631 3863 
2632 3862 
2633 3861 
2634 3862 
2635 3861 
2636 3864 
2637 3864 
2638 3864 
2639 3865 
2640 3863 
2641 3864 
2642 3865 
2643 3862 
2644 3865 
2645 3864 
2646 3864 
2647 3863 
2648 3864 
2649 3863 
2650 3864 
2651 3862 
2652 3862 
2653 3861 
2654 3860 
2655 3861 
2656 3861 
2657 3861 
2658 3861 
2659 3862 
2660 3863 
2661 3863 
2662 3864 
2663 3863 
2664 3863 
2665 3862 
2666 3863 
2667 3862 
2668 3863 
2669 3861 
2670 3861 
2671 3863 
2672 3862 
2673 3860 
2674 3860 
2675 3861 
2676 3861 
2677 3859 
2678 3859 
2679 3859 
2680 3860 
2681 3860 
2682 3860 
2683 3861 
2684 3860 
2685 3861 
2686 3861 
2687 3862 
2688 3863 
2689 3863 
2690 3864 
2691 3863 
2692 3863 
2693 3862 
2694 3862 
2695 3862 
2696 3860 
2697 3862 
2698 3859 
2699 3860 
2700 3860 
2701 3859 
2702 3858 
2703 3859 
2704 3860 
2705 3861 
2706 3861 
2707 3862 
2708 3859 
2709 3861 
2710 3860 
2711 3859 
2712 3860 
2713 3860 
2714 3863 
2715 3863 
2716 3865 
2717 3866 
2718 3867 
2719 3869 
2720 3870 
2721 3868 
2722 3865 
2723 3866 
2724 3864 
2725 3863 
2726 3863 
2727 3863 
2728 3863 
2729 3863 
2730 3862 
2731 3861 
2732 3861 
2733 3860 
2734 3863 
2735 3861 
2736 3860 
2737 3860 
2738 3859 
2739 3861 
2740 3858 
2741 3861 
2742 3859 
2743 3859 
2744 3859 
2745 3861 
2746 3859 
2747 3860 
2748 3861 
2749 3858 
2750 3859 
2751 3858 
2752 3857 
2753 3859 
2754 3858 
2755 3859 
2756 3859 
2757 3858 
2758 3859 
2759 3857 
2760 3858 
2761 3858 
2762 3859 
2763 3859 
2764 3860 
2765 3862 
2766 3862 
2767 3864 
2768 3863 
2769 3861 
2770 3860 
2771 3858 
2772 3859 
2773 3859 
2774 3858 
2775 3859 
2776 3856 
2777 3860 
2778 3861 
2779 3858 
2780 3858 
2781 3858 
2782 3859 
2783 3859 
2784 3856 
2785 3858 
2786 3857 
2787 3857 
2788 3855 
2789 3853 
2790 3854 
2791 3855 
2792 3853 
2793 3854 
2794 3854 
2795 3854 
2796 3855 
2797 3853 
2798 3852 
2799 3851 
2800 3852 
2801 3853 
2802 3852 
2803 3850 
2804 3850 
2805 3850 
2806 3850 
2807 3851 
2808 3851 
2809 3850 
2810 3850 
2811 3849 
2812 3849 
2813 3849 
2814 3849 
2815 3850 
2816 3849 
2817 3848 
2818 3848 
2819 3847 
2820 3848 
2821 3848 
2822 3848 
2823 3847 
2824 3846 
2825 3846 
2826 3845 
2827 3844 
2828 3843 
2829 3843 
2830 3843 
2831 3842 
2832 3841 
2833 3841 
2834 3842 
2835 3843 
2836 3842 
2837 3842 
2838 3842 
2839 3842 
2840 3841 
2841 3842 
2842 3843 
2843 3841 
2844 3841 
2845 3841 
2846 3840 
2847 3840 
2848 3840 
2849 3841 
2850 3841 
2851 3839 
2852 3840 
2853 3841 
2854 3840 
2855 3836 
2856 3836 
2857 3836 
2858 3836 
2859 3836 
2860 3835 
2861 3835 
2862 3834 
2863 3836 
2864 3836 
2865 3835 
2866 3835 
2867 3834 
2868 3835 
2869 3834 
2870 3835 
2871 3835 
2872 3834 
2873 3834 
2874 3832 
2875 3832 
2876 3832 
2877 3832 
2878 3830 
2879 3830 
2880 3831 
2881 3830 
2882 3829 
2883 3828 
2884 3829 
2885 3829 
2886 3830 
2887 3830 
2888 3830 
2889 3827 
2890 3828 
2891 3829 
2892 3828 
2893 3827 
2894 3828 
2895 3829 
2896 3827 
2897 3828 
2898 3826 
2899 3826 
2900 3826 
2901 3825 
2902 3825 
2903 3824 
2904 3824 
2905 3824 
2906 3823 
2907 3824 
2908 3823 
2909 3823 
2910 3823 
2911 3822 
2912 3822 
2913 3821 
2914 3822 
2915 3821 
2916 3820 
2917 3820 
2918 3821 
2919 3821 
2920 3820 
2921 3819 
2922 3822 
2923 3821 
2924 3819 
2925 3817 
2926 3819 
2927 3816 
2928 3815 
2929 3817 
2930 3815 
2931 3816 
2932 3815 
2933 3813 
2934 3813 
2935 3814 
2936 3813 
2937 3813 
2938 3814 
2939 3813 
2940 3814 
2941 3812 
2942 3811 
2943 3811 
2944 3812 
2945 3811 
2946 3812 
2947 3811 
2948 3810 
2949 3810 
2950 3810 
2951 3810 
2952 3808 
2953 3807 
2954 3807 
2955 3807 
2956 3805 
2957 3805 
2958 3805 
2959 3804 
2960 3803 
2961 3805 
2962 3806 
2963 3804 
2964 3804 
2965 3802 
2966 3803 
2967 3803 
2968 3802 
2969 3803 
2970 3804 
2971 3802 
2972 3800 
2973 3801 
2974 3804 
2975 3800 
2976 3802 
2977 3800 
2978 3798 
2979 3799 
2980 3798 
2981 3798 
2982 3797 
2983 3798 
2984 3796 
2985 3796 
2986 3796 
2987 3796 
2988 3796 
2989 3795 
2990 3794 
2991 3794 
2992 3794 
2993 3793 
2994 3793 
2995 3793 
2996 3794 
2997 3793 
2998 3794 
2999 3793 
3000 3793 
3001 3793 
3002 3794 
3003 3791 
3004 3790 
3005 3789 
3006 3789 
3007 3789 
3008 3787 
3009 3788 
3010 3787 
3011 3786 
3012 3787 
3013 3786 
3014 3787 
3015 3788 
3016 3786 
3017 3786 
3018 3783 
3019 3785 
3020 3785 
3021 3784 
3022 3786 
3023 3785 
3024 3783 
3025 3783 
3026 3784 
3027 3783 
3028 3782 
3029 3782 
3030 3782 
3031 3780 
3032 3781 
3033 3779 
3034 3779 
3035 3778 
3036 3779 
3037 3779 
3038 3777 
3039 3779 
3040 3776 
3041 3779 
3042 3778 
3043 3777 
3044 3777 
3045 3778 
3046 3777 
3047 3778 
3048 3778 
3049 3775 
3050 3777 
3051 3779 
3052 3777 
3053 3775 
3054 3777 
3055 3776 
3056 3774 
3057 3774 
3058 3773 
3059 3775 
3060 3774 
3061 3771 
3062 3772 
3063 3772 
3064 3774 
3065 3774 
3066 3772 
3067 3771 
3068 3771 
3069 3773 
3070 3770 
3071 3770 
3072 3771 
3073 3773 
3074 3772 
3075 3770 
3076 3771 
3077 3770 
3078 3770 
3079 3770 
3080 3768 
3081 3768 
3082 3769 
3083 3768 
3084 3768 
3085 3766 
3086 3766 
3087 3766 
3088 3766 
3089 3766 
3090 3767 
3091 3767 
3092 3767 
3093 3767 
3094 3767 
3095 3765 
3096 3767 
3097 3766 
3098 3766 
3099 3766 
3100 3766 
3101 3766 
3102 3765 
3103 3765 
3104 3765 
3105 3764 
3106 3764 
3107 3762 
3108 3763 
3109 3763 
3110 3762 
3111 3761 
3112 3762 
3113 3761 
3114 3761 
3115 3762 
3116 3761 
3117 3762 
3118 3763 
3119 3763 
3120 3763 
3121 3761 
3122 3759 
3123 3761 
3124 3761 
3125 3763 
3126 3763 
3127 3762 
3128 3762 
3129 3762 
3130 3760 
3131 3761 
3132 3760 
3133 3758 
3134 3759 
3135 3758 
3136 3756 
3137 3757 
3138 3759 
3139 3756 
3140 3757 
3141 3757 
3142 3757 
3143 3756 
3144 3757 
3145 3755 
3146 3757 
3147 3758 
3148 3757 
3149 3756 
3150 3758 
3151 3758 
3152 3758 
3153 3758 
3154 3757 
3155 3757 
3156 3759 
3157 3757 
3158 3756 
3159 3756 
3160 3755 
3161 3754 
3162 3754 
3163 3754 
3164 3753 
3165 3754 
3166 3751 
3167 3753 
3168 3753 
3169 3754 
3170 3754 
3171 3754 
3172 3756 
3173 3754 
3174 3752 
3175 3754 
3176 3751 
3177 3753 
3178 3753 
3179 3755 
3180 3751 
3181 3753 
3182 3753 
3183 3751 
3184 3753 
3185 3752 
3186 3749 
3187 3750 
3188 3751 
3189 3748 
3190 3750 
3191 3750 
3192 3751 
3193 3749 
3194 3750 
3195 3751 
3196 3749 
3197 3749 
3198 3748 
3199 3749 
3200 3748 
3201 3748 
3202 3747 
3203 3748 
3204 3747 
3205 3749 
3206 3747 
3207 3748 
3208 3749 
3209 3748 
3210 3748 
3211 3747 
3212 3745 
3213 3746 
3214 3747 
3215 3746 
3216 3745 
3217 3745 
3218 3747 
3219 3747 
3220 3745 
3221 3747 
3222 3746 
3223 3746 
3224 3746 
3225 3746 
3226 3747 
3227 3744 
3228 3744 
3229 3747 
3230 3746 
3231 3746 
3232 3747 
3233 3745 
3234 3745 
3235 3743 
3236 3744 
3237 3743 
3238 3743 
3239 3743 
3240 3743 
3241 3744 
3242 3743 
3243 3744 
3244 3744 
3245 3743 
3246 3743 
3247 3743 
3248 3743 
3249 3743 
3250 3742 
3251 3743 
3252 3745 
3253 3743 
3254 3743 
3255 3745 
3256 3744 
3257 3745 
3258 3744 
3259 3746 
3260 3746 
3261 3745 
3262 3745 
3263 3744 
3264 3744 
3265 3745 
3266 3746 
3267 3746 
3268 3744 
3269 3746 
3270 3746 
3271 3746 
3272 3746 
3273 3746 
3274 3747 
3275 3748 
3276 3749 
3277 3748 
3278 3749 
3279 3750 
3280 3750 
3281 3752 
3282 3750 
3283 3752 
3284 3752 
3285 3751 
3286 3751 
3287 3753 
3288 3752 
3289 3752 
3290 3750 
3291 3752 
3292 3752 
3293 3751 
3294 3753 
3295 3755 
3296 3754 
3297 3754 
3298 3755 
3299 3757 
3300 3758 
3301 3757 
3302 3756 
3303 3762 
3304 3762 
3305 3762 
3306 3758 
3307 3758 
3308 3761 
3309 3759 
3310 3760 
3311 3760 
3312 3759 
3313 3761 
3314 3760 
3315 3759 
3316 3760 
3317 3759 
3318 3762 
3319 3761 
3320 3760 
3321 3763 
3322 3762 
3323 3762 
3324 3764 
3325 3766 
3326 3765 
3327 3765 
3328 3766 
3329 3767 
3330 3766 
3331 3766 
3332 3769 
3333 3770 
3334 3769 
3335 3770 
3336 3768 
3337 3770 
3338 3770 
3339 3768 
3340 3769 
3341 3770 
3342 3769 
3343 3769 
3344 3771 
3345 3772 
3346 3771 
3347 3773 
3348 3772 
3349 3773 
3350 3773 
3351 3776 
3352 3774 
3353 3775 
3354 3776 
3355 3777 
3356 3775 
3357 3778 
3358 3780 
3359 3779 
3360 3778 
3361 3779 
3362 3777 
3363 3776 
3364 3779 
3365 3779 
3366 3779 
3367 3778 
3368 3777 
3369 3781 
3370 3780 
3371 3781 
3372 3782 
3373 3782 
3374 3784 
3375 3783 
3376 3784 
3377 3784 
3378 3784 
3379 3785 
3380 3786 
3381 3788 
3382 3786 
3383 3787 
3384 3788 
3385 3790 
3386 3788 
3387 3788 
3388 3790 
3389 3790 
3390 3790 
3391 3790 
3392 3788 
3393 3791 
3394 3791 
3395 3791 
3396 3790 
3397 3790 
3398 3791 
3399 3792 
3400 3794 
3401 3793 
3402 3792 
3403 3794 
3404 3794 
3405 3793 
3406 3797 
3407 3796 
3408 3795 
3409 3798 
3410 3797 
3411 3797 
3412 3798 
3413 3799 
3414 3796 
3415 3797 
3416 3798 
3417 3797 
3418 3797 
3419 3799 
3420 3799 
3421 3798 
3422 3800 
3423 3802 
3424 3803 
3425 3803 
3426 3802 
3427 3801 
3428 3802 
3429 3803 
3430 3803 
3431 3802 
3432 3803 
3433 3805 
3434 3806 
3435 3806 
3436 3804 
3437 3804 
3438 3807 
3439 3805 
3440 3807 
3441 3807 
3442 3806 
3443 3808 
3444 3808 
3445 3807 
3446 3810 
3447 3808 
3448 3808 
3449 3809 
3450 3809 
3451 3811 
3452 3812 
3453 3811 
3454 3812 
3455 3810 
3456 3811 
3457 3813 
3458 3813 
3459 3814 
3460 3814 
3461 3813 
3462 3815 
3463 3814 
3464 3814 
3465 3815 
3466 3814 
3467 3815 
3468 3815 
3469 3815 
3470 3816 
3471 3814 
3472 3814 
3473 3816 
3474 3816 
3475 3818 
3476 3820 
3477 3819 
3478 3819 
3479 3818 
3480 3818 
3481 3819 
3482 3821 
3483 3820 
3484 3821 
3485 3821 
3486 3821 
3487 3821 
3488 3824 
3489 3823 
3490 3820 
3491 3823 
3492 3822 
3493 3822 
3494 3823 
3495 3822 
3496 3822 
3497 3821 
3498 3824 
3499 3824 
3500 3823 
3501 3824 
3502 3825 
3503 3827 
3504 3825 
3505 3824 
3506 3825 
3507 3826 
3508 3827 
3509 3826 
3510 3828 
3511 3826 
3512 3827 
3513 3828 
3514 3828 
3515 3828 
3516 3830 
3517 3828 
3518 3827 
3519 3827 
3520 3827 
3521 3828 
3522 3828 
3523 3829 
3524 3829 
3525 3828 
3526 3829 
3527 3831 
3528 3831 
3529 3832 
3530 3832 
3531 3832 
3532 3831 
3533 3833 
3534 3833 
3535 3833 
3536 3834 
3537 3832 
3538 3833 
3539 3835 
3540 3834 
3541 3832 
3542 3834 
3543 3835 
3544 3834 
3545 3835 
3546 3834 
3547 3835 
3548 3835 
3549 3834 
3550 3835 
3551 3836 
3552 3836 
3553 3837 
3554 3836 
3555 3838 
3556 3837 
3557 3838 
3558 3837 
3559 3838 
3560 3839 
3561 3838 
3562 3838 
3563 3840 
3564 3839 
3565 3839 
3566 3839 
3567 3838 
3568 3838 
3569 3837 
3570 3839 
3571 3838 
3572 3837 
3573 3838 
3574 3838 
3575 3838 
3576 3838 
3577 3839 
3578 3840 
3579 3840 
3580 3840 
3581 3840 
3582 3839 
3583 3839 
3584 3840 
3585 3839 
3586 3841 
3587 3841 
3588 3841 
3589 3840 
3590 3842 
3591 3841 
3592 3841 
3593 3841 
3594 3842 
3595 3842 
3596 3841 
3597 3842 
3598 3842 
3599 3840 
3600 3841 
3601 3841 
3602 3844 
3603 3841 
3604 3844 
3605 3842 
3606 3844 
3607 3844 
3608 3843 
3609 3843 
3610 3843 
3611 3843 
3612 3843 
3613 3844 
3614 3843 
3615 3843 
3616 3844 
3617 3842 
3618 3843 
3619 3843 
3620 3844 
3621 3844 
3622 3842 
3623 3842 
3624 3843 
3625 3841 
3626 3844 
3627 3845 
3628 3845 
3629 3844 
3630 3845 
3631 3845 
3632 3846 
3633 3844 
3634 3846 
3635 3844 
3636 3845 
3637 3846 
3638 3846 
3639 3847 
3640 3844 
3641 3846 
3642 3846 
3643 3845 
3644 3845 
3645 3845 
3646 3845 
3647 3846 
3648 3845 
3649 3846 
3650 3844 
3651 3846 
3652 3846 
3653 3846 
3654 3844 
3655 3846 
3656 3846 
3657 3845 
3658 3848 
3659 3847 
3660 3846 
3661 3845 
3662 3847 
3663 3847 
3664 3848 
3665 3847 
3666 3848 
3667 3847 
3668 3848 
3669 3847 
3670 3847 
3671 3847 
3672 3847 
3673 3847 
3674 3846 
3675 3847 
3676 3847 
3677 3846 
3678 3846 
3679 3847 
3680 3847 
3681 3849 
3682 3849 
3683 3848 
3684 3849 
3685 3848 
3686 3845 
3687 3916 
3688 4006 
3689 4007 
3690 4007 
3691 4006 
3692 4005 
3693 4005 
3694 4004 
