1 3882 
2 3876 
3 3877 
4 3877 
5 3882 
6 3881 
7 3880 
8 3880 
9 3880 
10 3880 
11 3880 
12 3881 
13 3881 
14 3880 
15 3880 
16 3881 
17 3881 
18 3882 
19 3881 
20 3881 
21 3880 
22 3880 
23 3881 
24 3881 
25 3881 
26 3880 
27 3881 
28 3880 
29 3880 
30 3880 
31 3881 
32 3881 
33 3875 
34 3870 
35 3871 
36 3871 
37 3870 
38 3872 
39 3870 
40 3871 
41 3870 
42 3871 
43 3871 
44 3871 
45 3871 
46 3871 
47 3870 
48 3871 
49 3871 
50 3872 
51 3871 
52 3871 
53 3871 
54 3870 
55 3870 
56 3871 
57 3871 
58 3871 
59 3872 
60 3871 
61 3872 
62 3870 
63 3871 
64 3870 
65 3871 
66 3871 
67 3871 
68 3870 
69 3871 
70 3872 
71 3872 
72 3871 
73 3871 
74 3871 
75 3871 
76 3871 
77 3871 
78 3871 
79 3870 
80 3871 
81 3871 
82 3871 
83 3871 
84 3871 
85 3871 
86 3870 
87 3871 
88 3871 
89 3871 
90 3872 
91 3872 
92 3872 
93 3871 
94 3871 
95 3871 
96 3872 
97 3871 
98 3872 
99 3872 
100 3871 
101 3871 
102 3872 
103 3871 
104 3872 
105 3872 
106 3872 
107 3871 
108 3871 
109 3873 
110 3872 
111 3872 
112 3871 
113 3872 
114 3871 
115 3871 
116 3872 
117 3873 
118 3872 
119 3872 
120 3871 
121 3871 
122 3871 
123 3872 
124 3873 
125 3872 
126 3871 
127 3872 
128 3872 
129 3872 
130 3872 
131 3871 
132 3872 
133 3872 
134 3872 
135 3872 
136 3872 
137 3872 
138 3871 
139 3872 
140 3870 
141 3871 
142 3873 
143 3872 
144 3872 
145 3871 
146 3872 
147 3871 
148 3872 
149 3873 
150 3871 
151 3872 
152 3871 
153 3872 
154 3871 
155 3871 
156 3873 
157 3871 
158 3872 
159 3872 
160 3872 
161 3872 
162 3872 
163 3872 
164 3872 
165 3872 
166 3871 
167 3872 
168 3873 
169 3872 
170 3871 
171 3871 
172 3872 
173 3872 
174 3872 
175 3872 
176 3872 
177 3872 
178 3872 
179 3872 
180 3871 
181 3872 
182 3871 
183 3872 
184 3872 
185 3872 
186 3872 
187 3872 
188 3873 
189 3872 
190 3871 
191 3871 
192 3872 
193 3872 
194 3872 
195 3873 
196 3872 
197 3872 
198 3872 
199 3872 
200 3872 
201 3872 
202 3872 
203 3872 
204 3871 
205 3872 
206 3872 
207 3872 
208 3872 
209 3871 
210 3872 
211 3873 
212 3872 
213 3872 
214 3871 
215 3871 
216 3872 
217 3872 
218 3872 
219 3872 
220 3873 
221 3872 
222 3872 
223 3872 
224 3871 
225 3871 
226 3871 
227 3872 
228 3873 
229 3872 
230 3872 
231 3871 
232 3871 
233 3872 
234 3871 
235 3872 
236 3872 
237 3871 
238 3872 
239 3873 
240 3872 
241 3871 
242 3871 
243 3872 
244 3871 
245 3873 
246 3871 
247 3872 
248 3872 
249 3871 
250 3867 
251 3872 
252 3872 
253 3872 
254 3871 
255 3871 
256 3870 
257 3872 
258 3873 
259 3871 
260 3871 
261 3871 
262 3871 
263 3872 
264 3871 
265 3871 
266 3871 
267 3871 
268 3871 
269 3872 
270 3871 
271 3870 
272 3872 
273 3872 
274 3871 
275 3871 
276 3869 
277 3871 
278 3871 
279 3871 
280 3871 
281 3871 
282 3871 
283 3871 
284 3871 
285 3870 
286 3871 
287 3871 
288 3870 
289 3870 
290 3870 
291 3870 
292 3871 
293 3871 
294 3870 
295 3870 
296 3870 
297 3870 
298 3871 
299 3871 
300 3870 
301 3870 
302 3871 
303 3870 
304 3870 
305 3870 
306 3870 
307 3871 
308 3871 
309 3870 
310 3870 
311 3870 
312 3870 
313 3869 
314 3870 
315 3870 
316 3870 
317 3871 
318 3870 
319 3870 
320 3869 
321 3870 
322 3870 
323 3870 
324 3870 
325 3869 
326 3869 
327 3869 
328 3869 
329 3870 
330 3869 
331 3870 
332 3869 
333 3869 
334 3870 
335 3869 
336 3869 
337 3869 
338 3869 
339 3869 
340 3868 
341 3869 
342 3869 
343 3869 
344 3869 
345 3869 
346 3869 
347 3868 
348 3868 
349 3869 
350 3868 
351 3868 
352 3868 
353 3868 
354 3867 
355 3868 
356 3868 
357 3868 
358 3868 
359 3868 
360 3867 
361 3867 
362 3867 
363 3867 
364 3868 
365 3867 
366 3867 
367 3868 
368 3867 
369 3867 
370 3867 
371 3867 
372 3867 
373 3867 
374 3867 
375 3867 
376 3867 
377 3867 
378 3867 
379 3866 
380 3867 
381 3867 
382 3866 
383 3866 
384 3866 
385 3866 
386 3866 
387 3866 
388 3866 
389 3866 
390 3866 
391 3866 
392 3865 
393 3865 
394 3865 
395 3865 
396 3865 
397 3866 
398 3865 
399 3864 
400 3865 
401 3865 
402 3865 
403 3866 
404 3864 
405 3864 
406 3864 
407 3864 
408 3864 
409 3864 
410 3864 
411 3864 
412 3863 
413 3863 
414 3863 
415 3864 
416 3864 
417 3864 
418 3863 
419 3863 
420 3864 
421 3864 
422 3863 
423 3863 
424 3863 
425 3863 
426 3863 
427 3863 
428 3863 
429 3863 
430 3862 
431 3863 
432 3862 
433 3862 
434 3862 
435 3863 
436 3862 
437 3861 
438 3863 
439 3862 
440 3861 
441 3862 
442 3861 
443 3861 
444 3861 
445 3861 
446 3860 
447 3860 
448 3860 
449 3861 
450 3861 
451 3860 
452 3860 
453 3860 
454 3860 
455 3859 
456 3859 
457 3860 
458 3859 
459 3860 
460 3860 
461 3859 
462 3860 
463 3858 
464 3860 
465 3859 
466 3859 
467 3858 
468 3858 
469 3858 
470 3859 
471 3858 
472 3857 
473 3857 
474 3857 
475 3857 
476 3857 
477 3857 
478 3857 
479 3858 
480 3858 
481 3857 
482 3857 
483 3857 
484 3856 
485 3856 
486 3856 
487 3856 
488 3856 
489 3856 
490 3856 
491 3856 
492 3856 
493 3855 
494 3854 
495 3856 
496 3855 
497 3855 
498 3854 
499 3855 
500 3855 
501 3855 
502 3855 
503 3854 
504 3853 
505 3853 
506 3853 
507 3854 
508 3854 
509 3854 
510 3853 
511 3853 
512 3852 
513 3852 
514 3852 
515 3852 
516 3851 
517 3852 
518 3851 
519 3852 
520 3851 
521 3850 
522 3850 
523 3850 
524 3850 
525 3850 
526 3850 
527 3850 
528 3849 
529 3849 
530 3848 
531 3849 
532 3848 
533 3850 
534 3849 
535 3848 
536 3849 
537 3848 
538 3848 
539 3847 
540 3847 
541 3847 
542 3846 
543 3847 
544 3848 
545 3846 
546 3846 
547 3846 
548 3846 
549 3845 
550 3845 
551 3844 
552 3845 
553 3845 
554 3844 
555 3844 
556 3844 
557 3844 
558 3843 
559 3842 
560 3843 
561 3842 
562 3842 
563 3842 
564 3844 
565 3843 
566 3841 
567 3841 
568 3841 
569 3840 
570 3839 
571 3840 
572 3839 
573 3839 
574 3839 
575 3838 
576 3839 
577 3839 
578 3838 
579 3837 
580 3837 
581 3836 
582 3836 
583 3837 
584 3836 
585 3837 
586 3835 
587 3835 
588 3834 
589 3835 
590 3833 
591 3833 
592 3833 
593 3833 
594 3833 
595 3832 
596 3832 
597 3832 
598 3830 
599 3830 
600 3830 
601 3830 
602 3830 
603 3830 
604 3829 
605 3829 
606 3828 
607 3828 
608 3827 
609 3828 
610 3827 
611 3826 
612 3825 
613 3825 
614 3826 
615 3824 
616 3824 
617 3824 
618 3823 
619 3823 
620 3823 
621 3822 
622 3820 
623 3822 
624 3821 
625 3820 
626 3819 
627 3819 
628 3818 
629 3818 
630 3817 
631 3817 
632 3816 
633 3817 
634 3815 
635 3817 
636 3815 
637 3815 
638 3814 
639 3813 
640 3813 
641 3813 
642 3812 
643 3813 
644 3811 
645 3810 
646 3809 
647 3808 
648 3809 
649 3808 
650 3807 
651 3807 
652 3806 
653 3805 
654 3805 
655 3805 
656 3804 
657 3803 
658 3803 
659 3802 
660 3800 
661 3800 
662 3800 
663 3798 
664 3799 
665 3797 
666 3796 
667 3796 
668 3796 
669 3796 
670 3794 
671 3793 
672 3792 
673 3791 
674 3791 
675 3788 
676 3788 
677 3787 
678 3785 
679 3785 
680 3786 
681 3784 
682 3784 
683 3782 
684 3781 
685 3781 
686 3778 
687 3778 
688 3777 
689 3776 
690 3774 
691 3773 
692 3772 
693 3771 
694 3768 
695 3769 
696 3767 
697 3766 
698 3766 
699 3762 
700 3763 
701 3761 
702 3760 
703 3759 
704 3756 
705 3753 
706 3752 
707 3750 
708 3747 
709 3745 
710 3742 
711 3739 
712 3737 
713 3733 
714 3728 
715 3727 
716 3721 
717 3717 
718 3714 
719 3710 
720 3705 
721 3700 
722 3696 
723 3688 
724 3684 
725 3676 
726 3674 
727 3666 
728 3662 
729 3653 
730 3647 
731 3638 
732 3632 
733 3627 
734 3619 
735 3610 
736 3600 
737 3592 
738 3586 
739 3574 
740 3562 
741 3554 
742 3546 
743 3535 
744 3526 
745 3520 
746 3510 
747 3497 
748 3487 
749 3476 
750 3463 
751 3451 
752 3441 
753 3424 
754 3416 
755 3400 
756 3386 
757 3372 
758 3359 
759 3341 
760 3329 
761 3312 
762 3304 
763 3288 
764 3275 
765 3258 
766 3245 
767 3228 
768 3214 
769 3198 
770 3189 
771 3172 
772 3155 
773 3137 
774 3120 
775 3107 
776 3096 
777 3083 
778 3068 
779 3053 
780 3043 
781 3018 
782 3007 
783 2990 
784 2981 
785 2962 
786 2954 
787 2940 
788 2931 
789 2914 
790 2904 
791 2884 
792 2877 
793 2858 
794 2855 
795 2838 
796 2827 
797 2817 
798 2808 
799 2790 
800 2785 
801 2779 
802 2782 
803 2766 
804 2749 
805 2718 
806 2708 
807 2692 
808 2681 
809 2665 
810 2655 
811 2645 
812 2627 
813 2613 
814 2610 
815 2597 
816 2587 
817 2581 
818 2569 
819 2554 
820 2542 
821 2530 
822 2529 
823 2509 
824 2501 
825 2489 
826 2472 
827 2462 
828 2453 
829 2439 
830 2440 
831 2433 
832 2433 
833 2432 
834 2432 
835 2423 
836 2409 
837 2404 
838 2405 
839 2395 
840 2396 
841 2384 
842 2377 
843 2377 
844 2378 
845 2367 
846 2362 
847 2351 
848 2356 
849 2353 
850 2350 
851 2338 
852 2339 
853 2335 
854 2336 
855 2331 
856 2327 
857 2330 
858 2325 
859 2324 
860 2331 
861 2326 
862 2323 
863 2328 
864 2330 
865 2323 
866 2329 
867 2329 
868 2332 
869 2327 
870 2335 
871 2335 
872 2337 
873 2332 
874 2338 
875 2340 
876 2348 
877 2355 
878 2347 
879 2343 
880 2351 
881 2356 
882 2356 
883 2359 
884 2365 
885 2362 
886 2377 
887 2377 
888 2376 
889 2385 
890 2396 
891 2394 
892 2398 
893 2402 
894 2404 
895 2410 
896 2422 
897 2435 
898 2439 
899 2450 
900 2462 
901 2467 
902 2482 
903 2492 
904 2503 
905 2511 
906 2525 
907 2529 
908 2542 
909 2560 
910 2572 
911 2584 
912 2601 
913 2609 
914 2624 
915 2637 
916 2658 
917 2669 
918 2682 
919 2691 
920 2708 
921 2719 
922 2737 
923 2749 
924 2762 
925 2777 
926 2790 
927 2804 
928 2819 
929 2834 
930 2847 
931 2854 
932 2864 
933 2882 
934 2893 
935 2910 
936 2920 
937 2929 
938 2944 
939 2952 
940 2966 
941 2980 
942 2994 
943 3001 
944 3012 
945 3019 
946 3036 
947 3044 
948 3050 
949 3066 
950 3080 
951 3092 
952 3102 
953 3114 
954 3125 
955 3135 
956 3143 
957 3159 
958 3169 
959 3179 
960 3193 
961 3200 
962 3214 
963 3225 
964 3235 
965 3246 
966 3257 
967 3270 
968 3281 
969 3294 
970 3299 
971 3312 
972 3319 
973 3329 
974 3339 
975 3350 
976 3355 
977 3366 
978 3376 
979 3386 
980 3392 
981 3402 
982 3411 
983 3419 
984 3424 
985 3431 
986 3434 
987 3440 
988 3447 
989 3453 
990 3459 
991 3465 
992 3473 
993 3480 
994 3487 
995 3493 
996 3498 
997 3505 
998 3512 
999 3516 
1000 3524 
1001 3529 
1002 3533 
1003 3539 
1004 3547 
1005 3552 
1006 3557 
1007 3565 
1008 3568 
1009 3575 
1010 3578 
1011 3587 
1012 3591 
1013 3597 
1014 3602 
1015 3610 
1016 3615 
1017 3621 
1018 3625 
1019 3630 
1020 3637 
1021 3642 
1022 3646 
1023 3651 
1024 3653 
1025 3658 
1026 3662 
1027 3667 
1028 3671 
1029 3673 
1030 3675 
1031 3680 
1032 3684 
1033 3689 
1034 3693 
1035 3697 
1036 3697 
1037 3700 
1038 3704 
1039 3706 
1040 3710 
1041 3712 
1042 3716 
1043 3717 
1044 3719 
1045 3723 
1046 3725 
1047 3728 
1048 3730 
1049 3734 
1050 3734 
1051 3736 
1052 3741 
1053 3742 
1054 3745 
1055 3746 
1056 3747 
1057 3750 
1058 3753 
1059 3754 
1060 3757 
1061 3758 
1062 3760 
1063 3762 
1064 3763 
1065 3765 
1066 3767 
1067 3769 
1068 3769 
1069 3771 
1070 3773 
1071 3774 
1072 3776 
1073 3778 
1074 3778 
1075 3780 
1076 3783 
1077 3783 
1078 3784 
1079 3786 
1080 3787 
1081 3789 
1082 3789 
1083 3791 
1084 3791 
1085 3792 
1086 3794 
1087 3795 
1088 3796 
1089 3798 
1090 3798 
1091 3799 
1092 3800 
1093 3801 
1094 3803 
1095 3802 
1096 3804 
1097 3804 
1098 3806 
1099 3807 
1100 3808 
1101 3808 
1102 3811 
1103 3811 
1104 3812 
1105 3812 
1106 3812 
1107 3813 
1108 3813 
1109 3814 
1110 3814 
1111 3817 
1112 3817 
1113 3817 
1114 3818 
1115 3819 
1116 3818 
1117 3820 
1118 3820 
1119 3819 
1120 3819 
1121 3821 
1122 3821 
1123 3821 
1124 3822 
1125 3823 
1126 3823 
1127 3823 
1128 3824 
1129 3824 
1130 3825 
1131 3825 
1132 3825 
1133 3824 
1134 3825 
1135 3826 
1136 3824 
1137 3826 
1138 3826 
1139 3826 
1140 3827 
1141 3827 
1142 3828 
1143 3827 
1144 3828 
1145 3826 
1146 3827 
1147 3827 
1148 3829 
1149 3829 
1150 3829 
1151 3830 
1152 3829 
1153 3829 
1154 3830 
1155 3830 
1156 3831 
1157 3828 
1158 3830 
1159 3830 
1160 3830 
1161 3831 
1162 3832 
1163 3831 
1164 3831 
1165 3832 
1166 3832 
1167 3832 
1168 3831 
1169 3833 
1170 3833 
1171 3833 
1172 3832 
1173 3833 
1174 3833 
1175 3834 
1176 3834 
1177 3834 
1178 3833 
1179 3833 
1180 3834 
1181 3835 
1182 3835 
1183 3834 
1184 3834 
1185 3833 
1186 3835 
1187 3835 
1188 3835 
1189 3835 
1190 3835 
1191 3835 
1192 3835 
1193 3836 
1194 3836 
1195 3836 
1196 3837 
1197 3836 
1198 3835 
1199 3836 
1200 3836 
1201 3837 
1202 3837 
1203 3837 
1204 3838 
1205 3837 
1206 3838 
1207 3837 
1208 3837 
1209 3838 
1210 3838 
1211 3837 
1212 3838 
1213 3838 
1214 3838 
1215 3838 
1216 3838 
1217 3837 
1218 3838 
1219 3839 
1220 3839 
1221 3839 
1222 3840 
1223 3838 
1224 3839 
1225 3839 
1226 3838 
1227 3839 
1228 3839 
1229 3839 
1230 3839 
1231 3839 
1232 3839 
1233 3840 
1234 3840 
1235 3840 
1236 3839 
1237 3840 
1238 3838 
1239 3839 
1240 3839 
1241 3839 
1242 3839 
1243 3841 
1244 3840 
1245 3839 
1246 3838 
1247 3840 
1248 3838 
1249 3840 
1250 3840 
1251 3839 
1252 3840 
1253 3839 
1254 3840 
1255 3840 
1256 3839 
1257 3840 
1258 3839 
1259 3840 
1260 3839 
1261 3840 
1262 3840 
1263 3839 
1264 3839 
1265 3839 
1266 3840 
1267 3840 
1268 3839 
1269 3839 
1270 3840 
1271 3841 
1272 3840 
1273 3839 
1274 3839 
1275 3839 
1276 3839 
1277 3839 
1278 3841 
1279 3839 
1280 3840 
1281 3838 
1282 3840 
1283 3839 
1284 3838 
1285 3839 
1286 3840 
1287 3841 
1288 3840 
1289 3839 
1290 3838 
1291 3838 
1292 3838 
1293 3838 
1294 3839 
1295 3838 
1296 3839 
1297 3838 
1298 3838 
1299 3839 
1300 3838 
1301 3838 
1302 3838 
1303 3838 
1304 3838 
1305 3837 
1306 3838 
1307 3838 
1308 3838 
1309 3838 
1310 3837 
1311 3837 
1312 3838 
1313 3837 
1314 3837 
1315 3837 
1316 3837 
1317 3835 
1318 3835 
1319 3836 
1320 3836 
1321 3836 
1322 3835 
1323 3834 
1324 3835 
1325 3835 
1326 3835 
1327 3835 
1328 3834 
1329 3834 
1330 3834 
1331 3833 
1332 3833 
1333 3832 
1334 3831 
1335 3832 
1336 3832 
1337 3831 
1338 3831 
1339 3830 
1340 3830 
1341 3830 
1342 3828 
1343 3828 
1344 3825 
1345 3825 
1346 3826 
1347 3825 
1348 3824 
1349 3823 
1350 3822 
1351 3821 
1352 3820 
1353 3820 
1354 3818 
1355 3817 
1356 3817 
1357 3816 
1358 3814 
1359 3813 
1360 3811 
1361 3809 
1362 3808 
1363 3806 
1364 3805 
1365 3804 
1366 3802 
1367 3799 
1368 3797 
1369 3795 
1370 3793 
1371 3792 
1372 3790 
1373 3787 
1374 3785 
1375 3783 
1376 3780 
1377 3778 
1378 3774 
1379 3771 
1380 3768 
1381 3767 
1382 3762 
1383 3761 
1384 3758 
1385 3754 
1386 3750 
1387 3747 
1388 3743 
1389 3739 
1390 3737 
1391 3733 
1392 3730 
1393 3723 
1394 3721 
1395 3715 
1396 3713 
1397 3708 
1398 3703 
1399 3697 
1400 3692 
1401 3689 
1402 3681 
1403 3678 
1404 3672 
1405 3667 
1406 3663 
1407 3656 
1408 3648 
1409 3646 
1410 3640 
1411 3635 
1412 3628 
1413 3622 
1414 3615 
1415 3609 
1416 3604 
1417 3598 
1418 3592 
1419 3585 
1420 3579 
1421 3573 
1422 3568 
1423 3562 
1424 3555 
1425 3548 
1426 3542 
1427 3539 
1428 3531 
1429 3526 
1430 3519 
1431 3511 
1432 3506 
1433 3497 
1434 3493 
1435 3486 
1436 3480 
1437 3476 
1438 3468 
1439 3463 
1440 3456 
1441 3447 
1442 3444 
1443 3434 
1444 3425 
1445 3416 
1446 3411 
1447 3401 
1448 3393 
1449 3386 
1450 3380 
1451 3369 
1452 3358 
1453 3349 
1454 3338 
1455 3327 
1456 3317 
1457 3301 
1458 3288 
1459 3280 
1460 3264 
1461 3253 
1462 3239 
1463 3223 
1464 3209 
1465 3197 
1466 3182 
1467 3165 
1468 3151 
1469 3130 
1470 3115 
1471 3099 
1472 3086 
1473 3072 
1474 3057 
1475 3038 
1476 3022 
1477 3005 
1478 2995 
1479 2981 
1480 2967 
1481 2948 
1482 2939 
1483 2920 
1484 2905 
1485 2892 
1486 2880 
1487 2862 
1488 2853 
1489 2840 
1490 2830 
1491 2816 
1492 2804 
1493 2788 
1494 2779 
1495 2767 
1496 2758 
1497 2742 
1498 2735 
1499 2732 
1500 2713 
1501 2708 
1502 2694 
1503 2678 
1504 2672 
1505 2663 
1506 2651 
1507 2641 
1508 2629 
1509 2623 
1510 2619 
1511 2607 
1512 2602 
1513 2596 
1514 2580 
1515 2578 
1516 2565 
1517 2568 
1518 2557 
1519 2547 
1520 2545 
1521 2541 
1522 2536 
1523 2532 
1524 2519 
1525 2521 
1526 2517 
1527 2513 
1528 2507 
1529 2502 
1530 2502 
1531 2500 
1532 2496 
1533 2489 
1534 2497 
1535 2492 
1536 2493 
1537 2485 
1538 2487 
1539 2486 
1540 2486 
1541 2484 
1542 2486 
1543 2487 
1544 2491 
1545 2495 
1546 2498 
1547 2494 
1548 2501 
1549 2502 
1550 2512 
1551 2514 
1552 2519 
1553 2526 
1554 2534 
1555 2540 
1556 2553 
1557 2559 
1558 2563 
1559 2576 
1560 2589 
1561 2600 
1562 2619 
1563 2629 
1564 2652 
1565 2662 
1566 2677 
1567 2695 
1568 2711 
1569 2726 
1570 2748 
1571 2771 
1572 2794 
1573 2813 
1574 2840 
1575 2858 
1576 2884 
1577 2915 
1578 2939 
1579 2962 
1580 2985 
1581 3010 
1582 3033 
1583 3056 
1584 3080 
1585 3103 
1586 3129 
1587 3151 
1588 3173 
1589 3196 
1590 3214 
1591 3233 
1592 3252 
1593 3272 
1594 3293 
1595 3310 
1596 3330 
1597 3339 
1598 3357 
1599 3372 
1600 3385 
1601 3396 
1602 3409 
1603 3421 
1604 3431 
1605 3442 
1606 3454 
1607 3459 
1608 3466 
1609 3477 
1610 3482 
1611 3487 
1612 3496 
1613 3499 
1614 3508 
1615 3510 
1616 3512 
1617 3517 
1618 3524 
1619 3524 
1620 3526 
1621 3529 
1622 3533 
1623 3533 
1624 3534 
1625 3534 
1626 3535 
1627 3533 
1628 3534 
1629 3536 
1630 3535 
1631 3535 
1632 3536 
1633 3533 
1634 3530 
1635 3529 
1636 3527 
1637 3527 
1638 3523 
1639 3522 
1640 3518 
1641 3516 
1642 3514 
1643 3510 
1644 3511 
1645 3507 
1646 3502 
1647 3501 
1648 3499 
1649 3493 
1650 3489 
1651 3486 
1652 3484 
1653 3479 
1654 3477 
1655 3471 
1656 3466 
1657 3463 
1658 3459 
1659 3455 
1660 3451 
1661 3449 
1662 3444 
1663 3438 
1664 3436 
1665 3430 
1666 3425 
1667 3425 
1668 3419 
1669 3413 
1670 3409 
1671 3404 
1672 3398 
1673 3393 
1674 3390 
1675 3387 
1676 3381 
1677 3377 
1678 3369 
1679 3362 
1680 3362 
1681 3360 
1682 3352 
1683 3350 
1684 3344 
1685 3339 
1686 3330 
1687 3325 
1688 3320 
1689 3318 
1690 3316 
1691 3312 
1692 3306 
1693 3301 
1694 3295 
1695 3292 
1696 3290 
1697 3285 
1698 3277 
1699 3270 
1700 3271 
1701 3261 
1702 3257 
1703 3255 
1704 3246 
1705 3250 
1706 3247 
1707 3242 
1708 3239 
1709 3231 
1710 3230 
1711 3227 
1712 3227 
1713 3222 
1714 3218 
1715 3216 
1716 3214 
1717 3209 
1718 3207 
1719 3204 
1720 3202 
1721 3202 
1722 3201 
1723 3199 
1724 3200 
1725 3198 
1726 3195 
1727 3193 
1728 3197 
1729 3195 
1730 3199 
1731 3195 
1732 3194 
1733 3194 
1734 3196 
1735 3197 
1736 3198 
1737 3198 
1738 3200 
1739 3199 
1740 3200 
1741 3203 
1742 3206 
1743 3204 
1744 3206 
1745 3209 
1746 3209 
1747 3211 
1748 3210 
1749 3216 
1750 3225 
1751 3225 
1752 3226 
1753 3226 
1754 3229 
1755 3233 
1756 3233 
1757 3239 
1758 3239 
1759 3242 
1760 3240 
1761 3247 
1762 3251 
1763 3255 
1764 3258 
1765 3264 
1766 3267 
1767 3272 
1768 3274 
1769 3280 
1770 3281 
1771 3286 
1772 3290 
1773 3293 
1774 3301 
1775 3301 
1776 3308 
1777 3312 
1778 3316 
1779 3320 
1780 3323 
1781 3328 
1782 3334 
1783 3338 
1784 3343 
1785 3347 
1786 3352 
1787 3356 
1788 3360 
1789 3367 
1790 3371 
1791 3377 
1792 3383 
1793 3386 
1794 3390 
1795 3399 
1796 3400 
1797 3405 
1798 3408 
1799 3418 
1800 3418 
1801 3423 
1802 3427 
1803 3433 
1804 3438 
1805 3442 
1806 3451 
1807 3456 
1808 3460 
1809 3463 
1810 3468 
1811 3475 
1812 3480 
1813 3486 
1814 3489 
1815 3495 
1816 3496 
1817 3502 
1818 3508 
1819 3515 
1820 3518 
1821 3522 
1822 3526 
1823 3531 
1824 3536 
1825 3543 
1826 3544 
1827 3550 
1828 3555 
1829 3558 
1830 3563 
1831 3567 
1832 3572 
1833 3574 
1834 3578 
1835 3583 
1836 3587 
1837 3592 
1838 3596 
1839 3601 
1840 3604 
1841 3608 
1842 3611 
1843 3616 
1844 3619 
1845 3624 
1846 3625 
1847 3632 
1848 3633 
1849 3636 
1850 3640 
1851 3643 
1852 3646 
1853 3649 
1854 3655 
1855 3656 
1856 3660 
1857 3663 
1858 3665 
1859 3667 
1860 3672 
1861 3675 
1862 3678 
1863 3679 
1864 3683 
1865 3686 
1866 3686 
1867 3691 
1868 3692 
1869 3695 
1870 3698 
1871 3700 
1872 3704 
1873 3706 
1874 3706 
1875 3710 
1876 3711 
1877 3716 
1878 3715 
1879 3718 
1880 3721 
1881 3720 
1882 3723 
1883 3725 
1884 3728 
1885 3731 
1886 3731 
1887 3733 
1888 3735 
1889 3737 
1890 3738 
1891 3741 
1892 3742 
1893 3745 
1894 3747 
1895 3748 
1896 3750 
1897 3750 
1898 3751 
1899 3754 
1900 3755 
1901 3759 
1902 3758 
1903 3760 
1904 3760 
1905 3762 
1906 3764 
1907 3764 
1908 3767 
1909 3769 
1910 3769 
1911 3770 
1912 3772 
1913 3774 
1914 3775 
1915 3775 
1916 3775 
1917 3777 
1918 3779 
1919 3782 
1920 3782 
1921 3782 
1922 3783 
1923 3782 
1924 3785 
1925 3785 
1926 3788 
1927 3788 
1928 3789 
1929 3789 
1930 3791 
1931 3792 
1932 3791 
1933 3793 
1934 3794 
1935 3796 
1936 3796 
1937 3798 
1938 3798 
1939 3797 
1940 3799 
1941 3800 
1942 3802 
1943 3801 
1944 3802 
1945 3803 
1946 3804 
1947 3806 
1948 3805 
1949 3805 
1950 3807 
1951 3810 
1952 3814 
1953 3815 
1954 3815 
1955 3811 
1956 3812 
1957 3811 
1958 3812 
1959 3812 
1960 3813 
1961 3812 
1962 3814 
1963 3814 
1964 3815 
1965 3815 
1966 3815 
1967 3815 
1968 3819 
1969 3818 
1970 3819 
1971 3819 
1972 3819 
1973 3820 
1974 3821 
1975 3821 
1976 3822 
1977 3821 
1978 3823 
1979 3823 
1980 3823 
1981 3824 
1982 3824 
1983 3825 
1984 3825 
1985 3825 
1986 3826 
1987 3826 
1988 3828 
1989 3828 
1990 3828 
1991 3828 
1992 3829 
1993 3830 
1994 3830 
1995 3830 
1996 3829 
1997 3831 
1998 3829 
1999 3832 
2000 3832 
2001 3833 
2002 3834 
2003 3832 
2004 3834 
2005 3834 
2006 3834 
2007 3835 
2008 3835 
2009 3835 
2010 3836 
2011 3835 
2012 3836 
2013 3835 
2014 3835 
2015 3838 
2016 3837 
2017 3837 
2018 3837 
2019 3839 
2020 3838 
2021 3839 
2022 3838 
2023 3839 
2024 3839 
2025 3841 
2026 3840 
2027 3840 
2028 3841 
2029 3840 
2030 3841 
2031 3841 
2032 3842 
2033 3841 
2034 3842 
2035 3842 
2036 3843 
2037 3843 
2038 3843 
2039 3842 
2040 3843 
2041 3844 
2042 3844 
2043 3843 
2044 3845 
2045 3845 
2046 3845 
2047 3845 
2048 3845 
2049 3847 
2050 3846 
2051 3845 
2052 3846 
2053 3846 
2054 3847 
2055 3847 
2056 3847 
2057 3846 
2058 3847 
2059 3848 
2060 3849 
2061 3848 
2062 3847 
2063 3849 
2064 3848 
2065 3848 
2066 3847 
2067 3849 
2068 3848 
2069 3849 
2070 3849 
2071 3849 
2072 3849 
2073 3850 
2074 3849 
2075 3848 
2076 3849 
2077 3851 
2078 3849 
2079 3850 
2080 3850 
2081 3851 
2082 3850 
2083 3850 
2084 3851 
2085 3852 
2086 3850 
2087 3851 
2088 3850 
2089 3851 
2090 3851 
2091 3850 
2092 3851 
2093 3851 
2094 3851 
2095 3851 
2096 3851 
2097 3851 
2098 3851 
2099 3851 
2100 3851 
2101 3850 
2102 3852 
2103 3851 
2104 3851 
2105 3851 
2106 3852 
2107 3851 
2108 3852 
2109 3851 
2110 3852 
2111 3853 
2112 3850 
2113 3851 
2114 3854 
2115 3851 
2116 3851 
2117 3851 
2118 3851 
2119 3851 
2120 3851 
2121 3850 
2122 3850 
2123 3851 
2124 3851 
2125 3851 
2126 3851 
2127 3851 
2128 3851 
2129 3851 
2130 3852 
2131 3851 
2132 3851 
2133 3850 
2134 3850 
2135 3851 
2136 3851 
2137 3851 
2138 3850 
2139 3850 
2140 3850 
2141 3851 
2142 3850 
2143 3851 
2144 3850 
2145 3850 
2146 3850 
2147 3850 
2148 3849 
2149 3851 
2150 3851 
2151 3850 
2152 3850 
2153 3849 
2154 3849 
2155 3849 
2156 3849 
2157 3850 
2158 3849 
2159 3850 
2160 3848 
2161 3848 
2162 3849 
2163 3849 
2164 3848 
2165 3850 
2166 3851 
2167 3848 
2168 3848 
2169 3848 
2170 3849 
2171 3848 
2172 3848 
2173 3848 
2174 3847 
2175 3848 
2176 3848 
2177 3848 
2178 3848 
2179 3848 
2180 3847 
2181 3848 
2182 3848 
2183 3848 
2184 3847 
2185 3847 
2186 3847 
2187 3847 
2188 3847 
2189 3849 
2190 3850 
2191 3851 
2192 3850 
2193 3849 
2194 3848 
2195 3847 
2196 3847 
2197 3847 
2198 3847 
2199 3847 
2200 3847 
2201 3847 
2202 3846 
2203 3846 
2204 3845 
2205 3845 
2206 3845 
2207 3845 
2208 3845 
2209 3844 
2210 3844 
2211 3845 
2212 3845 
2213 3844 
2214 3845 
2215 3844 
2216 3844 
2217 3844 
2218 3844 
2219 3844 
2220 3844 
2221 3844 
2222 3843 
2223 3844 
2224 3842 
2225 3842 
2226 3843 
2227 3844 
2228 3843 
2229 3844 
2230 3844 
2231 3844 
2232 3842 
2233 3842 
2234 3843 
2235 3843 
2236 3843 
2237 3843 
2238 3841 
2239 3843 
2240 3842 
2241 3843 
2242 3842 
2243 3843 
2244 3843 
2245 3843 
2246 3842 
2247 3842 
2248 3843 
2249 3843 
2250 3842 
2251 3842 
2252 3843 
2253 3843 
2254 3843 
2255 3843 
2256 3842 
2257 3843 
2258 3843 
2259 3843 
2260 3844 
2261 3843 
2262 3843 
2263 3843 
2264 3842 
2265 3844 
2266 3842 
2267 3843 
2268 3843 
2269 3844 
2270 3844 
2271 3844 
2272 3844 
2273 3845 
2274 3844 
2275 3845 
2276 3844 
2277 3845 
2278 3845 
2279 3846 
2280 3845 
2281 3846 
2282 3846 
2283 3847 
2284 3846 
2285 3847 
2286 3846 
2287 3848 
2288 3847 
2289 3848 
2290 3848 
2291 3847 
2292 3849 
2293 3849 
2294 3849 
2295 3849 
2296 3849 
2297 3849 
2298 3849 
2299 3851 
2300 3851 
2301 3850 
2302 3850 
2303 3851 
2304 3851 
2305 3851 
2306 3851 
2307 3852 
2308 3852 
2309 3852 
2310 3852 
2311 3853 
2312 3852 
2313 3852 
2314 3853 
2315 3853 
2316 3853 
2317 3854 
2318 3853 
2319 3854 
2320 3854 
2321 3856 
2322 3855 
2323 3856 
2324 3856 
2325 3856 
2326 3856 
2327 3856 
2328 3856 
2329 3857 
2330 3857 
2331 3857 
2332 3857 
2333 3857 
2334 3857 
2335 3858 
2336 3858 
2337 3858 
2338 3858 
2339 3857 
2340 3859 
2341 3858 
2342 3860 
2343 3859 
2344 3860 
2345 3860 
2346 3860 
2347 3860 
2348 3860 
2349 3860 
2350 3860 
2351 3860 
2352 3861 
2353 3862 
2354 3862 
2355 3861 
2356 3862 
2357 3862 
2358 3862 
2359 3862 
2360 3863 
2361 3862 
2362 3863 
2363 3865 
2364 3863 
2365 3864 
2366 3864 
2367 3863 
2368 3864 
2369 3865 
2370 3864 
2371 3865 
2372 3865 
2373 3865 
2374 3865 
2375 3864 
2376 3865 
2377 3865 
2378 3865 
2379 3865 
2380 3865 
2381 3866 
2382 3865 
2383 3865 
2384 3866 
2385 3866 
2386 3867 
2387 3866 
2388 3866 
2389 3867 
2390 3867 
2391 3867 
2392 3866 
2393 3867 
2394 3867 
2395 3868 
2396 3868 
2397 3868 
2398 3868 
2399 3868 
2400 3868 
2401 3867 
2402 3867 
2403 3869 
2404 3868 
2405 3868 
2406 3869 
2407 3869 
2408 3868 
2409 3868 
2410 3869 
2411 3869 
2412 3869 
2413 3869 
2414 3869 
2415 3869 
2416 3869 
2417 3870 
2418 3869 
2419 3869 
2420 3869 
2421 3869 
2422 3870 
2423 3869 
2424 3869 
2425 3870 
2426 3870 
2427 3870 
2428 3870 
2429 3870 
2430 3870 
2431 3870 
2432 3870 
2433 3869 
2434 3870 
2435 3870 
2436 3870 
2437 3870 
2438 3870 
2439 3870 
2440 3870 
2441 3871 
2442 3871 
2443 3870 
2444 3870 
2445 3871 
2446 3871 
2447 3871 
2448 3871 
2449 3871 
2450 3871 
2451 3871 
2452 3871 
2453 3871 
2454 3871 
2455 3871 
2456 3871 
2457 3871 
2458 3871 
2459 3870 
2460 3871 
2461 3871 
2462 3871 
2463 3871 
2464 3871 
2465 3871 
2466 3871 
2467 3871 
2468 3871 
2469 3872 
2470 3871 
2471 3871 
2472 3871 
2473 3872 
2474 3871 
2475 3871 
2476 3871 
2477 3872 
2478 3872 
2479 3872 
2480 3872 
2481 3872 
2482 3870 
2483 3871 
2484 3871 
2485 3872 
2486 3872 
2487 3872 
2488 3872 
2489 3872 
2490 3871 
2491 3871 
2492 3872 
2493 3871 
2494 3872 
2495 3872 
2496 3872 
2497 3871 
2498 3871 
2499 3872 
2500 3872 
2501 3872 
2502 3871 
2503 3872 
2504 3872 
2505 3872 
2506 3872 
2507 3872 
2508 3872 
2509 3872 
2510 3872 
2511 3872 
2512 3872 
2513 3872 
2514 3872 
2515 3872 
2516 3872 
2517 3872 
2518 3872 
2519 3871 
2520 3872 
2521 3872 
2522 3871 
2523 3872 
2524 3872 
2525 3872 
2526 3872 
2527 3872 
2528 3872 
2529 3872 
2530 3872 
2531 3871 
2532 3872 
2533 3872 
2534 3872 
2535 3871 
2536 3872 
2537 3872 
2538 3872 
2539 3872 
2540 3872 
2541 3872 
2542 3871 
2543 3873 
2544 3872 
2545 3872 
2546 3871 
2547 3872 
2548 3872 
2549 3871 
2550 3873 
2551 3872 
2552 3872 
2553 3872 
2554 3872 
2555 3872 
2556 3872 
2557 3872 
2558 3872 
2559 3872 
2560 3872 
2561 3872 
2562 3871 
2563 3871 
2564 3872 
2565 3872 
2566 3872 
2567 3873 
2568 3873 
2569 3874 
2570 3872 
2571 3873 
2572 3872 
2573 3873 
2574 3873 
2575 3873 
2576 3873 
2577 3872 
2578 3873 
2579 3872 
2580 3872 
2581 3872 
2582 3871 
2583 3873 
2584 3872 
2585 3873 
2586 3872 
2587 3872 
2588 3872 
2589 3872 
2590 3873 
2591 3872 
2592 3872 
2593 3873 
2594 3872 
2595 3872 
2596 3871 
2597 3872 
2598 3872 
2599 3872 
2600 3872 
2601 3872 
2602 3873 
2603 3872 
2604 3872 
2605 3873 
2606 3872 
2607 3872 
2608 3872 
2609 3874 
2610 3872 
2611 3872 
2612 3873 
2613 3873 
2614 3872 
2615 3872 
2616 3872 
2617 3873 
2618 3871 
2619 3872 
2620 3873 
2621 3871 
2622 3873 
2623 3873 
2624 3872 
2625 3872 
2626 3873 
2627 3872 
2628 3872 
2629 3872 
2630 3873 
2631 3872 
2632 3873 
2633 3872 
2634 3872 
2635 3872 
2636 3872 
2637 3873 
2638 3872 
2639 3873 
2640 3872 
2641 3872 
2642 3872 
2643 3872 
2644 3872 
2645 3872 
2646 3872 
2647 3872 
2648 3872 
2649 3871 
2650 3873 
2651 3872 
2652 3872 
2653 3873 
2654 3872 
2655 3873 
2656 3872 
2657 3873 
2658 3872 
2659 3873 
2660 3872 
2661 3873 
2662 3872 
2663 3873 
2664 3872 
2665 3872 
2666 3872 
2667 3872 
2668 3871 
2669 3872 
2670 3872 
2671 3872 
2672 3873 
2673 3872 
2674 3872 
2675 3872 
2676 3873 
2677 3872 
2678 3872 
2679 3872 
2680 3872 
2681 3872 
2682 3872 
2683 3873 
2684 3872 
2685 3872 
2686 3872 
2687 3872 
2688 3872 
2689 3872 
2690 3873 
2691 3873 
2692 3873 
2693 3872 
2694 3872 
2695 3872 
2696 3872 
2697 3872 
2698 3873 
2699 3871 
2700 3872 
2701 3872 
2702 3872 
2703 3873 
2704 3873 
2705 3872 
2706 3872 
2707 3872 
2708 3873 
2709 3872 
2710 3873 
2711 3872 
2712 3873 
2713 3872 
2714 3873 
2715 3872 
2716 3872 
2717 3873 
2718 3872 
2719 3872 
2720 3872 
2721 3873 
2722 3873 
2723 3873 
2724 3872 
2725 3873 
2726 3872 
2727 3873 
2728 3872 
2729 3872 
2730 3873 
2731 3872 
2732 3872 
2733 3873 
2734 3872 
2735 3873 
2736 3873 
2737 3873 
2738 3872 
2739 3872 
2740 3873 
2741 3872 
2742 3873 
2743 3872 
2744 3872 
2745 3872 
2746 3872 
2747 3872 
2748 3872 
2749 3872 
2750 3871 
2751 3874 
2752 3872 
2753 3873 
2754 3873 
2755 3872 
2756 3873 
2757 3872 
2758 3873 
2759 3873 
2760 3872 
2761 3873 
2762 3872 
2763 3872 
2764 3872 
2765 3872 
2766 3873 
2767 3873 
2768 3872 
2769 3873 
2770 3872 
2771 3873 
2772 3873 
2773 3874 
2774 3873 
2775 3873 
2776 3872 
2777 3872 
2778 3873 
2779 3873 
2780 3872 
2781 3873 
2782 3873 
2783 3873 
2784 3871 
2785 3872 
2786 3872 
2787 3871 
2788 3873 
2789 3872 
2790 3873 
2791 3872 
2792 3872 
2793 3872 
2794 3872 
2795 3872 
2796 3873 
2797 3872 
2798 3872 
2799 3872 
2800 3872 
2801 3872 
2802 3872 
2803 3872 
2804 3872 
2805 3872 
2806 3872 
2807 3872 
2808 3872 
2809 3872 
2810 3873 
2811 3872 
2812 3872 
2813 3873 
2814 3872 
2815 3872 
2816 3872 
2817 3872 
2818 3872 
2819 3873 
2820 3872 
2821 3872 
2822 3872 
2823 3871 
2824 3871 
2825 3872 
2826 3872 
2827 3873 
2828 3872 
2829 3872 
2830 3872 
2831 3871 
2832 3872 
2833 3872 
2834 3872 
2835 3871 
2836 3872 
2837 3872 
2838 3871 
2839 3872 
2840 3873 
2841 3872 
2842 3872 
2843 3872 
2844 3872 
2845 3873 
2846 3872 
2847 3873 
2848 3872 
2849 3873 
2850 3873 
2851 3872 
2852 3872 
2853 3872 
2854 3872 
2855 3872 
2856 3871 
2857 3872 
2858 3871 
2859 3872 
2860 3872 
2861 3872 
2862 3872 
2863 3871 
2864 3871 
2865 3873 
2866 3872 
2867 3873 
2868 3872 
2869 3872 
2870 3872 
2871 3872 
2872 3872 
2873 3872 
2874 3873 
2875 3872 
2876 3871 
2877 3871 
2878 3873 
2879 3871 
2880 3872 
2881 3871 
2882 3872 
2883 3872 
2884 3872 
2885 3872 
2886 3872 
2887 3873 
2888 3871 
2889 3871 
2890 3872 
2891 3871 
2892 3872 
2893 3873 
2894 3871 
2895 3871 
2896 3872 
2897 3872 
2898 3872 
2899 3872 
2900 3872 
2901 3871 
2902 3872 
2903 3872 
2904 3871 
2905 3872 
2906 3871 
2907 3872 
2908 3872 
2909 3872 
2910 3871 
2911 3871 
2912 3871 
2913 3872 
2914 3872 
2915 3871 
2916 3872 
2917 3872 
2918 3871 
2919 3872 
2920 3871 
2921 3871 
2922 3872 
2923 3872 
2924 3872 
2925 3872 
2926 3872 
2927 3872 
2928 3872 
2929 3872 
2930 3872 
2931 3871 
2932 3872 
2933 3871 
2934 3872 
2935 3872 
2936 3871 
2937 3872 
2938 3871 
2939 3872 
2940 3870 
2941 3872 
2942 3871 
2943 3871 
2944 3872 
2945 3872 
2946 3872 
2947 3872 
2948 3871 
2949 3872 
2950 3871 
2951 3871 
2952 3872 
2953 3872 
2954 3871 
2955 3871 
2956 3872 
2957 3872 
2958 3871 
2959 3871 
2960 3872 
2961 3872 
2962 3871 
2963 3872 
2964 3872 
2965 3871 
2966 3871 
2967 3871 
2968 3872 
2969 3872 
2970 3872 
2971 3872 
2972 3871 
2973 3871 
2974 3872 
2975 3871 
2976 3872 
2977 3871 
2978 3871 
2979 3871 
2980 3872 
2981 3871 
2982 3872 
2983 3871 
2984 3872 
2985 3872 
2986 3871 
2987 3872 
2988 3872 
2989 3872 
2990 3871 
2991 3871 
2992 3872 
2993 3872 
2994 3871 
2995 3872 
2996 3872 
2997 3872 
2998 3871 
2999 3871 
3000 3872 
3001 3872 
3002 3871 
3003 3871 
3004 3871 
3005 3872 
3006 3871 
3007 3872 
3008 3872 
3009 3872 
3010 3873 
3011 3872 
3012 3871 
3013 3871 
3014 3871 
3015 3871 
3016 3872 
3017 3871 
3018 3871 
3019 3871 
3020 3871 
3021 3871 
3022 3873 
3023 3871 
3024 3871 
3025 3871 
3026 3871 
3027 3871 
3028 3871 
3029 3871 
3030 3871 
3031 3871 
3032 3871 
3033 3871 
3034 3872 
3035 3872 
3036 3871 
3037 3871 
3038 3872 
3039 3871 
3040 3872 
3041 3871 
3042 3872 
3043 3871 
3044 3870 
3045 3871 
3046 3870 
3047 3872 
3048 3872 
3049 3872 
3050 3871 
3051 3871 
3052 3872 
3053 3871 
3054 3871 
3055 3870 
3056 3871 
3057 3871 
3058 3871 
3059 3871 
3060 3872 
3061 3871 
3062 3872 
3063 3871 
3064 3872 
3065 3871 
3066 3871 
3067 3871 
3068 3871 
3069 3872 
3070 3871 
3071 3872 
3072 3872 
3073 3871 
3074 3872 
3075 3871 
3076 3871 
3077 3871 
3078 3871 
3079 3872 
3080 3871 
3081 3872 
3082 3872 
3083 3872 
3084 3871 
3085 3872 
3086 3871 
3087 3871 
3088 3871 
3089 3872 
3090 3871 
3091 3871 
3092 3871 
3093 3871 
3094 3871 
3095 3870 
3096 3872 
3097 3871 
3098 3872 
3099 3871 
3100 3871 
3101 3871 
3102 3872 
3103 3871 
3104 3871 
3105 3872 
3106 3872 
3107 3872 
3108 3872 
3109 3870 
3110 3871 
3111 3871 
3112 3871 
3113 3871 
3114 3871 
3115 3871 
3116 3870 
3117 3871 
3118 3871 
3119 3871 
3120 3871 
3121 3871 
3122 3870 
3123 3871 
3124 3871 
3125 3872 
3126 3871 
3127 3872 
3128 3872 
3129 3871 
3130 3871 
3131 3871 
3132 3872 
3133 3872 
3134 3871 
3135 3871 
3136 3870 
3137 3871 
3138 3871 
3139 3872 
3140 3871 
3141 3871 
3142 3870 
3143 3871 
3144 3872 
3145 3871 
3146 3872 
3147 3871 
3148 3871 
3149 3871 
3150 3872 
3151 3871 
3152 3871 
3153 3872 
3154 3872 
3155 3871 
3156 3872 
3157 3871 
3158 3871 
3159 3872 
3160 3871 
3161 3871 
3162 3871 
3163 3871 
3164 3872 
3165 3872 
3166 3871 
3167 3871 
3168 3871 
3169 3872 
3170 3871 
3171 3871 
3172 3871 
3173 3871 
3174 3871 
3175 3871 
3176 3870 
3177 3872 
3178 3872 
3179 3871 
3180 3871 
3181 3872 
3182 3872 
3183 3871 
3184 3872 
3185 3871 
3186 3871 
3187 3872 
3188 3871 
3189 3872 
3190 3871 
3191 3872 
3192 3872 
3193 3871 
3194 3871 
3195 3872 
3196 3871 
3197 3872 
3198 3871 
3199 3872 
3200 3870 
3201 3872 
3202 3871 
3203 3871 
3204 3872 
3205 3871 
3206 3871 
3207 3871 
3208 3871 
3209 3871 
3210 3871 
3211 3872 
3212 3872 
3213 3871 
3214 3872 
3215 3871 
3216 3872 
3217 3871 
3218 3871 
3219 3871 
3220 3872 
3221 3871 
3222 3872 
3223 3871 
3224 3872 
3225 3871 
3226 3872 
3227 3871 
3228 3872 
3229 3871 
3230 3872 
3231 3872 
3232 3871 
3233 3872 
3234 3872 
3235 3873 
3236 3872 
3237 3871 
3238 3871 
3239 3871 
3240 3872 
3241 3872 
3242 3873 
3243 3871 
3244 3872 
3245 3872 
3246 3871 
3247 3871 
3248 3871 
3249 3872 
3250 3872 
3251 3872 
3252 3872 
3253 3872 
3254 3871 
3255 3872 
3256 3871 
3257 3872 
3258 3872 
3259 3871 
3260 3872 
3261 3871 
3262 3872 
3263 3872 
3264 3872 
3265 3872 
3266 3872 
3267 3872 
3268 3873 
3269 3871 
3270 3872 
3271 3872 
3272 3871 
3273 3871 
3274 3872 
3275 3872 
3276 3872 
3277 3872 
3278 3872 
3279 3871 
3280 3872 
3281 3872 
3282 3873 
3283 3872 
3284 3872 
3285 3872 
3286 3872 
3287 3872 
3288 3872 
3289 3872 
3290 3872 
3291 3871 
3292 3871 
3293 3871 
3294 3872 
3295 3872 
3296 3872 
3297 3872 
3298 3872 
3299 3872 
3300 3872 
3301 3872 
3302 3872 
3303 3872 
3304 3872 
3305 3872 
3306 3872 
3307 3872 
3308 3872 
3309 3872 
3310 3871 
3311 3871 
3312 3872 
3313 3872 
3314 3872 
3315 3872 
3316 3872 
3317 3872 
3318 3872 
3319 3872 
3320 3872 
3321 3872 
3322 3872 
3323 3872 
3324 3872 
3325 3872 
3326 3872 
3327 3872 
3328 3872 
3329 3873 
3330 3873 
3331 3873 
3332 3872 
3333 3872 
3334 3873 
3335 3872 
3336 3872 
3337 3873 
3338 3872 
3339 3873 
3340 3872 
3341 3872 
3342 3871 
3343 3872 
3344 3872 
3345 3872 
3346 3872 
3347 3873 
3348 3875 
3349 3873 
3350 3871 
3351 3873 
3352 3872 
3353 3872 
3354 3872 
3355 3872 
3356 3872 
3357 3872 
3358 3872 
3359 3872 
3360 3872 
3361 3872 
3362 3872 
3363 3873 
3364 3872 
3365 3872 
3366 3873 
3367 3873 
3368 3872 
3369 3872 
3370 3872 
3371 3872 
3372 3872 
3373 3872 
3374 3873 
3375 3873 
3376 3872 
3377 3873 
3378 3873 
3379 3872 
3380 3872 
3381 3873 
3382 3872 
3383 3872 
3384 3873 
3385 3873 
3386 3873 
3387 3873 
3388 3873 
3389 3872 
3390 3873 
3391 3873 
3392 3873 
3393 3872 
3394 3871 
3395 3873 
3396 3872 
3397 3872 
3398 3872 
3399 3873 
3400 3871 
3401 3873 
3402 3873 
3403 3872 
3404 3873 
3405 3872 
3406 3872 
3407 3872 
3408 3872 
3409 3872 
3410 3872 
3411 3872 
3412 3873 
3413 3872 
3414 3872 
3415 3872 
3416 3872 
3417 3873 
3418 3873 
3419 3873 
3420 3873 
3421 3872 
3422 3873 
3423 3873 
3424 3873 
3425 3873 
3426 3872 
3427 3872 
3428 3872 
3429 3873 
3430 3872 
3431 3872 
3432 3872 
3433 3873 
3434 3872 
3435 3872 
3436 3872 
3437 3873 
3438 3874 
3439 3872 
3440 3872 
3441 3872 
3442 3872 
3443 3872 
3444 3873 
3445 3872 
3446 3872 
3447 3872 
3448 3873 
3449 3872 
3450 3873 
3451 3873 
3452 3872 
3453 3872 
3454 3872 
3455 3872 
3456 3872 
3457 3873 
3458 3873 
3459 3873 
3460 3873 
3461 3873 
3462 3872 
3463 3873 
3464 3873 
3465 3872 
3466 3872 
3467 3872 
3468 3872 
3469 3873 
3470 3872 
3471 3873 
3472 3872 
3473 3872 
3474 3872 
3475 3873 
3476 3873 
3477 3873 
3478 3873 
3479 3872 
3480 3872 
3481 3872 
3482 3873 
3483 3872 
3484 3872 
3485 3872 
3486 3873 
3487 3872 
3488 3872 
3489 3873 
3490 3873 
3491 3872 
3492 3871 
3493 3873 
3494 3872 
3495 3872 
3496 3872 
3497 3873 
3498 3872 
3499 3873 
3500 3872 
3501 3872 
3502 3872 
3503 3873 
3504 3873 
3505 3872 
3506 3872 
3507 3872 
3508 3873 
3509 3873 
3510 3872 
3511 3872 
3512 3872 
3513 3872 
3514 3873 
3515 3872 
3516 3873 
3517 3872 
3518 3872 
3519 3872 
3520 3873 
3521 3872 
3522 3873 
3523 3873 
3524 3872 
3525 3872 
3526 3873 
3527 3873 
3528 3872 
3529 3872 
3530 3873 
3531 3872 
3532 3872 
3533 3872 
3534 3873 
3535 3873 
3536 3873 
3537 3872 
3538 3873 
3539 3872 
3540 3872 
3541 3873 
3542 3873 
3543 3872 
3544 3872 
3545 3872 
3546 3872 
3547 3873 
3548 3873 
3549 3872 
3550 3872 
3551 3872 
3552 3872 
3553 3872 
3554 3872 
3555 3873 
3556 3872 
3557 3871 
3558 3872 
3559 3873 
3560 3873 
3561 3872 
3562 3872 
3563 3873 
3564 3873 
3565 3873 
3566 3872 
3567 3872 
3568 3873 
3569 3872 
3570 3872 
3571 3872 
3572 3872 
3573 3872 
3574 3872 
3575 3873 
3576 3872 
3577 3872 
3578 3872 
3579 3873 
3580 3872 
3581 3873 
3582 3872 
3583 3873 
3584 3872 
3585 3872 
3586 3872 
3587 3872 
3588 3872 
3589 3872 
3590 3872 
3591 3872 
3592 3874 
3593 3873 
3594 3872 
3595 3872 
3596 3872 
3597 3872 
3598 3872 
3599 3872 
3600 3873 
3601 3872 
3602 3872 
3603 3873 
3604 3872 
3605 3872 
3606 3873 
3607 3873 
3608 3873 
3609 3872 
3610 3873 
3611 3873 
3612 3873 
3613 3872 
3614 3873 
3615 3873 
3616 3873 
3617 3872 
3618 3872 
3619 3873 
3620 3874 
3621 3873 
3622 3872 
3623 3867 
3624 3873 
3625 3873 
3626 3872 
3627 3873 
3628 3872 
3629 3873 
3630 3873 
3631 3873 
3632 3873 
3633 3873 
3634 3873 
3635 3875 
3636 3873 
3637 3873 
3638 3873 
3639 3872 
3640 3872 
3641 3871 
3642 3872 
3643 3872 
3644 3873 
3645 3873 
3646 3873 
3647 3872 
3648 3871 
3649 3872 
3650 3872 
3651 3872 
3652 3872 
3653 3873 
3654 3872 
3655 3872 
3656 3873 
3657 3872 
3658 3873 
3659 3873 
3660 3872 
3661 3871 
3662 3873 
3663 3873 
3664 3872 
3665 3873 
3666 3872 
3667 3872 
3668 3872 
3669 3873 
3670 3872 
3671 3873 
3672 3873 
3673 3872 
3674 3872 
3675 3872 
3676 3873 
3677 3873 
3678 3872 
3679 3872 
3680 3872 
3681 3873 
3682 3872 
3683 3872 
3684 3872 
3685 3872 
3686 3873 
3687 3875 
3688 3880 
3689 3880 
3690 3881 
3691 3881 
3692 3881 
3693 3881 
3694 3880 
